temp.json
{"header": { "parameterCategory": 0, "parameterNumber": 0, "nx": 82, "ny": 67, "lo1": -175500.0, "la1": -580500.0, "lo2": 418500.0, "la2": 148500.0, "dx": 7333.333333333333, "dy": 11045.454545454546, "refTime": "2025-06-30T12:00:00Z", "surface1Type": 1, "surface1Value": 2, "forecastTime": 0, "scanMode": 0 }, "data":
[rows 20 to 39 of 67, columns 0 to 43 of 82]
297.34564208984375,297.3730163574219,297.39947509765625,297.42578125,297.4524230957031,297.4800109863281,297.5087585449219,297.53900146484375,297.5700988769531,297.5984802246094,297.6248779296875,297.65057373046875,297.6767883300781,297.70477294921875,297.73577880859375,297.77099609375,297.8115234375,297.85870361328125,297.9140625,297.98046875,298.05535888671875,298.1357421875,298.2185363769531,298.3006286621094,298.37890625,298.45037841796875,298.511962890625,298.56060791015625,298.59478759765625,298.6196594238281,298.6360168457031,298.6434326171875,298.6416015625,298.6303405761719,298.60955810546875,297.7811584472656,297.7029724121094,297.597900390625,297.47259521484375,297.33416748046875,297.1896667480469,297.0462646484375,296.9112548828125,296.79193115234375
297.46441650390625,297.5049133300781,297.553466796875,297.61199951171875,297.68328857421875,297.7647399902344,297.853271484375,297.9456787109375,298.03900146484375,298.12994384765625,298.21539306640625,298.2922058105469,298.35723876953125,298.4092102050781,298.4544677734375,298.4932861328125,298.52484130859375,298.54840087890625,298.5633850097656,298.5693054199219,297.8045654296875,297.7148742675781,297.59375,297.4490661621094,297.28887939453125,297.1213684082031,296.9548034667969,296.7974548339844,296.65765380859375,296.54388427734375,296.461669921875,296.396240234375,296.34344482421875,296.3028869628906,296.2739562988281,296.2561340332031,296.2488708496094,296.2515869140625,296.2637939453125,296.284912109375,296.3167724609375,296.37152099609375,296.44610595703125,296.53515625
298.34967041015625,298.4034423828125,298.4506530761719,298.4902038574219,298.5212097167969,297.818359375,297.7196960449219,297.5859069824219,297.4257507324219,297.2483215332031,297.0625305175781,296.8775634765625,296.7024230957031,296.5463562011719,296.4186096191406,296.32525634765625,296.249267578125,296.186279296875,296.1360168457031,296.0982360839844,296.07281494140625,296.05938720703125,296.0578308105469,296.06787109375,296.08929443359375,296.1246032714844,296.18792724609375,296.2755126953125,296.3803405761719,296.4956970214844,296.6144714355469,296.7299499511719,296.8352355957031,296.9235534667969,296.9882507324219,297.0240783691406,297.03656005859375,297.03070068359375,297.01116943359375,296.98236083984375,296.9488830566406,296.9149475097656,296.8849792480469,296.8631286621094
296.22479248046875,296.1419677734375,296.07232666015625,296.01580810546875,295.97235107421875,295.94195556640625,295.9247131347656,295.92047119140625,295.9293212890625,295.95111083984375,295.98895263671875,296.05841064453125,296.155029296875,296.2708740234375,296.3983154296875,296.5294494628906,296.65643310546875,296.77154541015625,296.8670349121094,296.93524169921875,296.9701232910156,296.9773254394531,296.96282958984375,296.93212890625,296.8904113769531,296.8430480957031,296.79534912109375,296.7524719238281,296.7196350097656,296.7017517089844,296.70001220703125,296.7027587890625,296.7090759277344,296.719482421875,296.73455810546875,296.7547912597656,296.7809753417969,296.8137512207031,296.85394287109375,296.9023742675781,296.9608459472656,297.03173828125,297.11334228515625,297.20379638671875
296.4852294921875,296.617431640625,296.7366638183594,296.8348693847656,296.9037170410156,296.93682861328125,296.939453125,296.9183044433594,296.8792419433594,296.8283386230469,296.77142333984375,296.7144470214844,296.6632385253906,296.6236877441406,296.6013488769531,296.5977478027344,296.6009216308594,296.6096496582031,296.62353515625,296.6424560546875,296.6665344238281,296.6957702636719,296.73046875,296.77081298828125,296.8172607421875,296.871337890625,296.935302734375,297.0083312988281,297.0892028808594,297.1766662597656,297.2691650390625,297.3650817871094,297.4626770019531,297.5599365234375,297.6549072265625,297.7491149902344,297.848876953125,297.951904296875,298.0555725097656,298.15728759765625,298.2546081542969,298.34527587890625,297.7757263183594,297.66845703125
296.5435791015625,296.55267333984375,296.5699462890625,296.5940246582031,296.6235656738281,296.6575012207031,296.6949157714844,296.7350158691406,296.7772521972656,296.8212585449219,296.8677062988281,296.9192199707031,296.97625732421875,297.03924560546875,297.1081848144531,297.1828308105469,297.2628479003906,297.3473815917969,297.43560791015625,297.5260925292969,297.62127685546875,297.72589111328125,297.8369140625,297.95074462890625,298.0642395019531,298.17449951171875,298.2784729003906,297.7355651855469,297.630859375,297.48809814453125,297.3171691894531,297.12786865234375,296.929931640625,296.73321533203125,296.5473327636719,296.3821105957031,296.2471923828125,296.1495666503906,296.0718688964844,296.0083923339844,295.9588317871094,295.9228515625,295.9000244140625,295.8900146484375
297.13201904296875,297.1856689453125,297.24749755859375,297.3180236816406,297.39739990234375,297.4886169433594,297.59405517578125,297.7095031738281,297.8306884765625,297.9537353515625,298.0746765136719,298.18994140625,297.686279296875,297.58612060546875,297.4497375488281,297.28656005859375,297.1061706542969,296.91778564453125,296.73101806640625,296.5550537109375,296.3992614746094,296.2729187011719,296.1829528808594,296.1135559082031,296.05902099609375,296.0185852050781,295.9915466308594,295.9771423339844,295.9746398925781,295.9832458496094,296.002197265625,296.0308532714844,296.0715026855469,296.1404113769531,296.23358154296875,296.3436279296875,296.4631652832031,296.584716796875,296.7010192871094,296.8045654296875,296.88787841796875,296.9434814453125,296.964599609375,296.95281982421875
297.2557373046875,297.08721923828125,296.9117431640625,296.73822021484375,296.57537841796875,296.43194580078125,296.3167419433594,296.2364501953125,296.17730712890625,296.133544921875,296.1040344238281,296.087646484375,296.0830993652344,296.08929443359375,296.10504150390625,296.1291198730469,296.1603698730469,296.20068359375,296.265625,296.3517150878906,296.452392578125,296.56097412109375,296.67083740234375,296.7753601074219,296.86785888671875,296.9416809082031,296.989990234375,297.006103515625,296.9898681640625,296.9483642578125,296.88922119140625,296.81976318359375,296.7475280761719,296.679931640625,296.624267578125,296.5879211425781,296.5782775878906,296.60076904296875,296.65106201171875,296.72198486328125,296.8065185546875,296.89813232421875,296.99017333984375,297.0765380859375
296.275634765625,296.30950927734375,296.3493347167969,296.4096374511719,296.48773193359375,296.57781982421875,296.6741943359375,296.77105712890625,296.86260986328125,296.9430847167969,297.006591796875,297.0472412109375,297.05841064453125,297.0381164550781,296.99334716796875,296.931884765625,296.8613586425781,296.789306640625,296.72344970703125,296.6712646484375,296.640380859375,296.63824462890625,296.67218017578125,296.740478515625,296.83392333984375,296.94354248046875,297.060546875,297.17633056640625,297.2825927734375,297.371337890625,297.43499755859375,297.4660949707031,297.4588623046875,297.418212890625,297.3541259765625,297.2763977050781,297.1943359375,297.1169128417969,297.0524597167969,297.00909423828125,296.99420166015625,297.0147399902344,297.0725402832031,297.1604309082031
296.98455810546875,296.9139099121094,296.8431396484375,296.7799987792969,296.7322082519531,296.7073974609375,296.71331787109375,296.75909423828125,296.84552001953125,296.9615173339844,297.0959777832031,297.2381286621094,297.3771667480469,297.50286865234375,297.6051025390625,297.674072265625,297.700439453125,297.67608642578125,297.6072998046875,297.5066223144531,297.38641357421875,297.258544921875,297.1346435546875,297.025634765625,296.94232177734375,296.8946533203125,296.8922119140625,296.9350280761719,297.0130615234375,297.1182556152344,297.24267578125,297.37847900390625,297.51824951171875,297.6546630859375,297.446044921875,297.3758239746094,297.28118896484375,297.169189453125,297.0465393066406,296.9201354980469,296.7967224121094,296.682861328125,296.5851745605469,296.51025390625
297.9094543457031,297.93023681640625,297.888671875,297.79217529296875,297.6559143066406,297.49444580078125,297.322265625,297.15325927734375,297.00115966796875,296.8790283203125,296.7994689941406,296.774658203125,296.8022766113281,296.86968994140625,296.9681396484375,297.08880615234375,297.22308349609375,297.362548828125,297.49896240234375,297.3873291015625,297.3256530761719,297.2427978515625,297.1450500488281,297.038330078125,296.9288024902344,296.8223571777344,296.7248840332031,296.64227294921875,296.58026123046875,296.5440673828125,296.528076171875,296.52764892578125,296.54034423828125,296.56365966796875,296.5951232910156,296.6322937011719,296.67266845703125,296.71380615234375,296.75335693359375,296.79119873046875,296.83880615234375,296.8952331542969,296.95703125,297.0208435058594
296.9404602050781,297.07177734375,297.2093200683594,297.3441162109375,297.33416748046875,297.28076171875,297.20916748046875,297.1247863769531,297.032958984375,296.9390563964844,296.84814453125,296.7655334472656,296.6962585449219,296.6454772949219,296.61773681640625,296.60888671875,296.6146545410156,296.63250732421875,296.66021728515625,296.69512939453125,296.73492431640625,296.7771911621094,296.8194885253906,296.859375,296.8967590332031,296.94219970703125,296.9949035644531,297.0519104003906,297.11016845703125,297.1665344238281,297.2181396484375,297.2618713378906,297.294677734375,297.3134765625,297.3121337890625,297.2832336425781,297.2337646484375,297.1716003417969,297.10455322265625,297.04052734375,296.98724365234375,296.9526062011719,296.9444580078125,296.9706115722656
296.6746520996094,296.6828308105469,296.7018737792969,296.7296447753906,296.7639465332031,296.802734375,296.8437194824219,296.88494873046875,296.92413330078125,296.9613952636719,297.0064697265625,297.05859375,297.1147766113281,297.17205810546875,297.2275695800781,297.2782287597656,297.3211364746094,297.3533935546875,297.3720397949219,297.3708190917969,297.34246826171875,297.2940368652344,297.2332763671875,297.16796875,297.10601806640625,297.05511474609375,297.023193359375,297.0179748535156,297.04736328125,297.1273193359375,297.26348876953125,297.4396057128906,297.63934326171875,297.84637451171875,298.0445251464844,298.21759033203125,298.3494567871094,298.42413330078125,298.4256286621094,298.3399963378906,298.17816162109375,297.95989990234375,297.7046203613281,297.43182373046875
297.31475830078125,297.3624572753906,297.3988037109375,297.4205017089844,297.4212951660156,297.3948974609375,297.3482971191406,297.2893371582031,297.2257080078125,297.1651611328125,297.115478515625,297.0844421386719,297.0798645019531,297.1095275878906,297.19000244140625,297.3263244628906,297.5022277832031,297.7015075683594,297.90777587890625,298.1047058105469,298.2758483886719,298.40478515625,298.47515869140625,298.4704895019531,298.37615966796875,298.20379638671875,297.9732971191406,297.7044677734375,297.4171142578125,297.1313171386719,296.8665466308594,296.6427917480469,296.47955322265625,296.394775390625,296.3753356933594,296.4054260253906,296.47454833984375,296.572265625,296.688232421875,296.8118591308594,296.93292236328125,297.2330017089844,297.2000427246094,297.1540222167969
297.357177734375,297.5230712890625,297.7112731933594,297.9063415527344,298.09234619140625,298.2535400390625,298.3740234375,298.4374694824219,298.4275207519531,298.32958984375,298.15521240234375,297.9235534667969,297.6539001464844,297.3658752441406,297.07891845703125,296.8125305175781,296.58685302734375,296.4214172363281,296.3341064453125,296.310302734375,296.3351745605469,296.3984680175781,296.4898986816406,296.5992736816406,296.7160949707031,296.83013916015625,297.22412109375,297.1976013183594,297.1585998535156,297.1105041503906,297.0563659667969,296.99957275390625,296.9430236816406,296.8898620605469,296.84326171875,296.8061828613281,296.78131103515625,296.761962890625,296.7455139160156,296.73260498046875,296.7240905761719,296.72076416015625,296.7236633300781,296.7336120605469
296.7474365234375,296.53326416015625,296.3761291503906,296.2928161621094,296.268798828125,296.2907409667969,296.3491516113281,296.43438720703125,296.5366516113281,296.6459655761719,296.75225830078125,297.2257080078125,297.2060852050781,297.1745910644531,297.1338806152344,297.086669921875,297.03564453125,296.9833984375,296.9324951171875,296.8855285644531,296.8450622558594,296.8131408691406,296.7803039550781,296.74420166015625,296.7073669433594,296.6726379394531,296.6427001953125,296.62054443359375,296.6089782714844,296.6109924316406,296.6294250488281,296.6688537597656,296.73809814453125,296.8318176269531,296.9425048828125,297.06268310546875,297.184814453125,297.3014831542969,297.40521240234375,297.4887390136719,297.5448913574219,297.5679016113281,297.5614318847656,297.53216552734375
297.1252136230469,297.0794372558594,297.0306396484375,296.9808349609375,296.9320983886719,296.8865051269531,296.8454284667969,296.7960510253906,296.7362060546875,296.67083740234375,296.6048583984375,296.5433044433594,296.491455078125,296.4544372558594,296.4375,296.4457702636719,296.4859924316406,296.56683349609375,296.6808776855469,296.8182678222656,296.9693603515625,297.1243896484375,297.273681640625,297.40765380859375,297.5167236328125,297.5914306640625,297.6269836425781,297.6322021484375,297.6134033203125,297.5766296386719,297.5279846191406,297.4737854003906,297.4201965332031,297.37371826171875,297.34075927734375,297.3278503417969,297.3408203125,297.3771057128906,297.43072509765625,297.4954833984375,297.56451416015625,297.630615234375,297.68609619140625,297.7226257324219
296.23712158203125,296.2782287597656,296.3719482421875,296.5085144042969,296.67559814453125,296.8609924316406,297.05255126953125,297.2380676269531,297.4055480957031,297.5428466796875,297.63824462890625,297.68768310546875,297.7059631347656,297.69879150390625,297.6715087890625,297.6294860839844,297.5781555175781,297.523193359375,297.47015380859375,297.42474365234375,297.3929443359375,297.37420654296875,297.36419677734375,297.36151123046875,297.36419677734375,297.3699035644531,297.3757629394531,297.378173828125,297.37310791015625,297.35565185546875,297.3197021484375,297.25469970703125,297.1625061035156,297.0489807128906,296.92047119140625,296.7841796875,296.64801025390625,296.5205383300781,296.41143798828125,296.3309326171875,296.2880554199219,296.27734375,296.29327392578125,296.3309631347656
297.7315673828125,297.6830749511719,297.626220703125,297.56585693359375,297.5069885253906,297.45465087890625,297.40130615234375,297.34130859375,297.27783203125,297.2138366699219,297.1514892578125,297.0926208496094,297.0383605957031,296.9891662597656,296.94464111328125,296.9031982421875,296.855224609375,296.7988586425781,296.7349853515625,296.6652526855469,296.59210205078125,296.5188293457031,296.449462890625,296.388916015625,296.34320068359375,296.3183898925781,296.3142395019531,296.3280029296875,296.356689453125,296.39697265625,296.44512939453125,296.4969482421875,296.54779052734375,297.29083251953125,297.3004150390625,297.29779052734375,297.28369140625,297.2589111328125,297.2240905761719,297.17999267578125,297.12725830078125,297.06658935546875,296.99859619140625,296.92315673828125
296.473876953125,296.4453125,296.427490234375,296.4163818359375,296.4088134765625,296.40234375,296.39520263671875,296.38665771484375,296.3768005371094,296.36688232421875,296.3603515625,296.3627624511719,296.37396240234375,296.39306640625,296.418701171875,296.4491271972656,296.48223876953125,296.515380859375,297.31072998046875,297.3268127441406,297.3298645019531,297.32049560546875,297.2989807128906,297.2657775878906,297.22119140625,297.1655578613281,297.09930419921875,297.022705078125,296.9353332519531,296.80865478515625,296.6397705078125,296.4436340332031,296.23565673828125,296.0311279296875,295.8453369140625,295.6938171386719,295.5919189453125,295.5550842285156,295.599853515625,295.7350769042969,295.943359375,296.20465087890625,296.4989318847656,296.80596923828125
