temp.json
{"header": { "parameterCategory": 0, "parameterNumber": 0, "nx": 82, "ny": 67, "lo1": -175500.0, "la1": -580500.0, "lo2": 418500.0, "la2": 148500.0, "dx": 7333.333333333333, "dy": 11045.454545454546, "refTime": "2025-06-30T12:00:00Z", "surface1Type": 1, "surface1Value": 2, "forecastTime": 0, "scanMode": 0 }, "data":
[rows 40 to 59 of 67, columns 0 to 43 of 82]
296.4603271484375,296.4745788574219,296.489990234375,297.32781982421875,297.34954833984375,297.3572082519531,297.35113525390625,297.33160400390625,297.2986145019531,297.2524108886719,297.19305419921875,297.1206970214844,297.0355224609375,296.93682861328125,296.7926025390625,296.59930419921875,296.37420654296875,296.13482666015625,295.89874267578125,295.68365478515625,295.50714111328125,295.38690185546875,295.3406066894531,295.38702392578125,295.5352478027344,295.76568603515625,296.05596923828125,296.38336181640625,296.7255859375,297.0600891113281,297.3644104003906,297.61627197265625,297.793701171875,297.8983154296875,297.9669189453125,298.00323486328125,298.0098876953125,297.9895324707031,297.94500732421875,297.8789978027344,297.79449462890625,297.6944274902344,297.5811767578125,297.4241943359375
296.5521240234375,296.302490234375,296.0367126464844,295.7742919921875,295.53466796875,295.3374328613281,295.2021484375,295.1483154296875,295.1965637207031,295.3566589355469,295.6068420410156,295.9225158691406,296.27911376953125,296.6520690917969,297.01666259765625,297.34844970703125,297.6229553222656,297.81585693359375,297.930419921875,298.00732421875,298.04998779296875,298.06072998046875,298.04193115234375,297.99609375,297.9256896972656,297.8332214355469,297.7212829589844,297.5914306640625,297.40643310546875,297.16064453125,296.8741760253906,296.5665283203125,296.2569885253906,295.96441650390625,295.7073974609375,295.5038757324219,295.37127685546875,295.32489013671875,295.357666015625,295.4520263671875,295.5910339355469,295.75823974609375,295.93780517578125,296.114501953125
297.33111572265625,297.62310791015625,297.8276672363281,297.9492492675781,298.0311584472656,298.0767822265625,298.0885009765625,298.0686950683594,298.0197448730469,297.9441833496094,297.8443298339844,297.7225646972656,297.57989501953125,297.3736572265625,297.0989685058594,296.7784118652344,296.4336853027344,296.086669921875,295.75909423828125,295.4720458984375,295.24652099609375,295.10302734375,295.05963134765625,295.1097106933594,295.2328796386719,295.4093933105469,295.6199035644531,295.8453063964844,296.0671081542969,296.2672119140625,296.42828369140625,296.5335998535156,296.58428955078125,296.6056823730469,296.6043395996094,296.58624267578125,296.5571594238281,296.5224609375,296.4873962402344,296.45684814453125,297.3406066894531,297.3719177246094,297.38397216796875,297.37774658203125
296.6948547363281,296.3302001953125,295.9629821777344,295.61627197265625,295.31317138671875,295.0762023925781,294.92816162109375,294.8889465332031,294.9519348144531,295.0955810546875,295.29833984375,295.53887939453125,295.79608154296875,296.0492248535156,296.2776794433594,296.46136474609375,296.58062744140625,296.6383056640625,296.6614990234375,296.65740966796875,296.6328125,296.5945129394531,296.5489501953125,296.5025329589844,296.4613037109375,297.3260192871094,297.35736083984375,297.3669128417969,297.3562927246094,297.32623291015625,297.27764892578125,297.2113037109375,297.1282958984375,297.02947998046875,296.9159851074219,296.7882385253906,296.6076965332031,296.3659973144531,296.08502197265625,295.7865295410156,295.4924011230469,295.2243347167969,295.0042724609375,294.85394287109375
296.4991455078125,296.6239929199219,296.6847839355469,296.70849609375,296.70245361328125,296.6737365722656,296.6294860839844,296.576904296875,296.5229187011719,296.47442626953125,297.3120422363281,297.34161376953125,297.34576416015625,297.32696533203125,297.2869873046875,297.227294921875,297.14971923828125,297.0559387207031,296.94793701171875,296.8276672363281,296.6965026855469,296.5164794921875,296.2774353027344,296.0008850097656,295.7083435058594,295.42108154296875,295.1602478027344,294.94732666015625,294.8035583496094,294.75030517578125,294.8106689453125,294.99853515625,295.2892761230469,295.65423583984375,296.0646667480469,296.491943359375,296.9074401855469,297.2827453613281,297.5890808105469,297.7978515625,297.9141540527344,297.98077392578125,298.0035095214844,297.98773193359375
297.1636047363281,297.07098388671875,296.9634094238281,296.8439636230469,296.7158508300781,296.58172607421875,296.40460205078125,296.1725769042969,295.9063415527344,295.6260070800781,295.3522644042969,295.1053771972656,294.9056091308594,294.7732849121094,294.7286682128906,294.79443359375,294.9869079589844,295.281494140625,295.6492614746094,296.0614318847656,296.48907470703125,296.90350341796875,297.27545166015625,297.5765380859375,297.7777404785156,297.8823547363281,297.9304504394531,297.9303283691406,297.8896484375,297.8160095214844,297.7167663574219,297.5991516113281,297.47003173828125,297.3360595703125,297.2001953125,297.0166015625,296.7813720703125,296.51068115234375,296.22161865234375,295.9311828613281,295.6571960449219,295.41796875,295.232177734375,295.1194763183594
294.7996826171875,294.9960021972656,295.292724609375,295.6608581542969,296.0714111328125,296.4957580566406,296.9047546386719,297.269775390625,297.561767578125,297.75201416015625,297.84112548828125,297.86590576171875,297.8371887207031,297.7657470703125,297.66204833984375,297.5362854003906,297.3984680175781,297.2582702636719,297.1250915527344,297.00421142578125,296.8536376953125,296.6677551269531,296.4577331542969,296.2353820800781,296.0130920410156,295.8038330078125,295.6212158203125,295.4798583984375,295.3949279785156,295.3819274902344,295.4405517578125,295.5575866699219,295.71868896484375,295.9092102050781,296.11346435546875,296.315673828125,296.4990234375,296.6462097167969,296.7393493652344,296.7882080078125,296.8090515136719,296.80615234375,296.7840576171875,296.74761962890625
297.32916259765625,297.16973876953125,297.0183410644531,296.8876953125,296.78594970703125,296.67620849609375,296.55029296875,296.4132995605469,296.2713317871094,296.13092041015625,295.99932861328125,295.88470458984375,295.7960205078125,295.7432861328125,295.7384033203125,295.784912109375,295.8739318847656,295.99566650390625,296.13983154296875,296.295166015625,296.44976806640625,296.5909423828125,296.705078125,296.7781982421875,296.81939697265625,296.8399658203125,296.84222412109375,296.82904052734375,296.8034362792969,296.7689208984375,296.7294921875,296.6893310546875,297.260986328125,297.2691650390625,297.2296142578125,297.151123046875,297.04095458984375,296.90667724609375,296.75567626953125,296.5958557128906,296.43487548828125,296.28070068359375,296.14111328125,295.9847412109375
296.17730712890625,296.23291015625,296.30853271484375,296.39862060546875,296.4969787597656,296.596435546875,296.6889953613281,296.765625,296.8167724609375,296.849853515625,296.870849609375,296.8800354003906,296.87811279296875,296.8661804199219,296.84576416015625,296.81890869140625,296.7881164550781,297.2373962402344,297.23858642578125,297.185791015625,297.089599609375,296.9590148925781,296.80328369140625,296.631591796875,296.45355224609375,296.27850341796875,296.1162109375,295.97625732421875,295.82989501953125,295.6578369140625,295.4732971191406,295.28912353515625,295.1182861328125,294.9735107421875,294.8675537109375,294.81317138671875,294.82305908203125,294.9150390625,295.11651611328125,295.406982421875,295.75872802734375,296.14447021484375,296.53662109375,296.9081115722656
296.9175109863281,296.8972473144531,297.20452880859375,297.19879150390625,297.133056640625,297.0196533203125,296.86932373046875,296.69293212890625,296.5015869140625,296.3062438964844,296.11822509765625,295.9488830566406,295.8094177246094,295.67425537109375,295.52252197265625,295.36480712890625,295.21173095703125,295.07379150390625,294.96124267578125,294.884521484375,294.8537292480469,294.8792419433594,294.9770202636719,295.17718505859375,295.4605407714844,295.80059814453125,296.1711120605469,296.54559326171875,296.8977966308594,297.2012023925781,297.429443359375,297.5560302734375,297.56646728515625,297.48052978515625,297.3217468261719,297.1136474609375,296.87957763671875,296.64263916015625,296.42559814453125,296.2509460449219,296.14105224609375,296.1143798828125,296.153076171875,296.23828125
295.26171875,295.1407775878906,295.0365905761719,294.95697021484375,294.9096984863281,294.902587890625,294.943359375,295.0460205078125,295.2427978515625,295.5162353515625,295.84130859375,296.1929931640625,296.5462951660156,296.876220703125,297.15771484375,297.36566162109375,297.4747619628906,297.466796875,297.3573303222656,297.17254638671875,296.9382629394531,296.6802978515625,296.4244079589844,296.1960144042969,296.0201416015625,295.92193603515625,295.9231872558594,296.0124816894531,296.1671142578125,296.3668212890625,296.59161376953125,296.8225402832031,297.04107666015625,297.2295227050781,297.37109375,297.45025634765625,297.46575927734375,297.4385070800781,297.38031005859375,297.3022155761719,297.2145080566406,297.126708984375,297.0473937988281,296.9842834472656
297.2845764160156,297.377197265625,297.35357666015625,297.2258605957031,297.0217590332031,296.76904296875,296.4953308105469,296.22808837890625,295.9947814941406,295.822509765625,295.73834228515625,295.76715087890625,295.9033508300781,296.12103271484375,296.3947448730469,296.6992492675781,297.01025390625,297.30352783203125,297.55615234375,297.7454833984375,297.8499755859375,297.8665466308594,297.81988525390625,297.726318359375,297.60113525390625,297.45947265625,297.31549072265625,297.1826477050781,297.0735168457031,296.9997863769531,296.97052001953125,296.97576904296875,297.0049133300781,297.0495300292969,297.1016845703125,297.15380859375,297.1986999511719,297.2297668457031,297.24072265625,297.02557373046875,297.00189208984375,296.9049072265625,296.75079345703125,296.554443359375
296.8091735839844,297.18548583984375,297.53985595703125,297.84442138671875,298.0720520019531,298.1961975097656,298.2127380371094,298.1490478515625,298.0250244140625,297.8598327636719,297.6722717285156,297.4806213378906,297.3023681640625,297.15447998046875,297.052978515625,297.01025390625,297.01116943359375,297.0429382324219,297.095458984375,297.1591796875,297.22467041015625,297.28302001953125,297.32568359375,297.344482421875,296.9306335449219,296.9027404785156,296.7996520996094,296.6380920410156,296.4339599609375,296.203125,295.96160888671875,295.72528076171875,295.51025390625,295.3326416015625,295.20831298828125,295.1251525878906,295.0596008300781,295.01251220703125,294.98480224609375,294.9770202636719,294.9898681640625,295.02386474609375,295.07965087890625,295.1577453613281
297.05157470703125,297.0494079589844,297.08319091796875,297.141845703125,297.21441650390625,297.2901916503906,297.3588562011719,297.4102783203125,297.4345703125,296.81317138671875,296.7821350097656,296.67572021484375,296.5108642578125,296.3039245605469,296.0711669921875,295.82904052734375,295.59393310546875,295.3820495605469,295.2099914550781,295.0938720703125,295.02490234375,294.980224609375,294.9585876464844,294.9586486816406,294.9789733886719,295.0180358886719,295.0743408203125,295.1463317871094,295.232421875,295.3377685546875,295.49505615234375,295.6955871582031,295.9233093261719,296.1624755859375,296.3970947265625,296.6112365722656,296.7887878417969,296.9134216308594,296.96868896484375,296.9280090332031,296.79510498046875,296.5964660644531,296.3587951660156,296.10870361328125
295.68121337890625,295.4532470703125,295.2502136230469,295.08856201171875,294.9844970703125,294.93280029296875,294.9122314453125,294.9192810058594,294.95025634765625,295.00146484375,295.0690002441406,295.1490783691406,295.2377624511719,295.331298828125,295.4320068359375,295.56982421875,295.739013671875,295.92755126953125,296.12322998046875,296.31402587890625,296.4876708984375,296.63177490234375,296.73370361328125,296.7807312011719,296.747314453125,296.6347351074219,296.4661865234375,296.26507568359375,296.0548400878906,295.859375,295.70281982421875,295.6094970703125,295.6042785644531,295.7140808105469,295.9496765136719,296.282958984375,296.68310546875,297.1187438964844,297.5586242675781,297.9713439941406,298.32489013671875,298.58746337890625,298.72711181640625,298.7400207519531
295.6607666015625,295.7921447753906,295.9336853027344,296.0776672363281,296.2166748046875,296.3428955078125,296.44854736328125,296.5255126953125,296.5653076171875,296.54498291015625,296.46282958984375,296.3377380371094,296.18829345703125,296.03369140625,295.89324951171875,295.7868957519531,295.7347717285156,295.75762939453125,295.8799133300781,296.1153564453125,296.43865966796875,296.82159423828125,297.23583984375,297.6524963378906,298.04229736328125,298.3757019042969,298.6224670410156,298.75262451171875,298.7627868652344,298.6777648925781,298.5192565917969,298.30902099609375,298.06939697265625,297.8223876953125,297.59075927734375,297.39715576171875,297.2644958496094,297.20635986328125,297.1986999511719,297.22894287109375,297.2860107421875,297.35882568359375,297.4360656738281,297.50634765625
295.9194641113281,295.91546630859375,295.96929931640625,296.10174560546875,296.3294677734375,296.63116455078125,296.9829406738281,297.35980224609375,297.7369384765625,298.08856201171875,298.3886413574219,298.61029052734375,298.72662353515625,298.73431396484375,298.6546630859375,298.5072326660156,298.31195068359375,298.0889892578125,297.85888671875,297.6427307128906,297.46173095703125,297.337646484375,297.2818603515625,297.27166748046875,297.2960510253906,297.34503173828125,297.4083251953125,297.47552490234375,297.5360412597656,297.57891845703125,297.5931396484375,296.0108337402344,295.9665832519531,295.86529541015625,295.7189636230469,295.5425109863281,295.3507080078125,295.1583251953125,294.97998046875,294.8302001953125,294.72344970703125,294.6741943359375,294.68914794921875,294.7567138671875
298.4617614746094,298.28863525390625,298.09051513671875,297.885498046875,297.6923828125,297.52996826171875,297.41802978515625,297.3656005859375,297.35223388671875,297.368896484375,297.40692138671875,297.457275390625,297.51080322265625,297.5580139160156,297.5890197753906,297.5937194824219,295.76116943359375,295.7133483886719,295.61639404296875,295.47991943359375,295.3178405761719,295.1441650390625,294.9725646972656,294.81671142578125,294.690185546875,294.6064453125,294.57891845703125,294.6182556152344,294.71722412109375,294.8619079589844,295.0380554199219,295.2313537597656,295.4275207519531,295.612060546875,295.7705993652344,295.888916015625,295.95501708984375,295.9790344238281,295.9715576171875,295.94183349609375,295.8990478515625,295.85235595703125,295.8108215332031,295.7831726074219
297.58270263671875,295.50823974609375,295.45684814453125,295.3647766113281,295.239013671875,295.09259033203125,294.93829345703125,294.78875732421875,294.6565856933594,294.5543518066406,294.4943542480469,294.4889221191406,294.55230712890625,294.68218994140625,294.86187744140625,295.074462890625,295.3031311035156,295.5307922363281,295.74041748046875,295.9149169921875,296.03741455078125,296.0922546386719,296.0831298828125,296.02532958984375,295.9339599609375,295.8243408203125,295.7116394042969,295.61083984375,295.5368347167969,295.50396728515625,295.5262756347656,295.5981140136719,295.7042541503906,295.83685302734375,295.98846435546875,296.15203857421875,296.321044921875,296.4893798828125,296.65191650390625,296.8040771484375,296.952880859375,297.1249084472656,297.3150939941406,297.5155944824219
295.1104736328125,295.37237548828125,295.629638671875,295.8624267578125,296.05145263671875,296.17706298828125,296.22003173828125,296.17767333984375,296.0697326660156,295.9173583984375,295.7416076660156,295.5638122558594,295.40484619140625,295.28533935546875,295.2259216308594,295.2464294433594,295.3464050292969,295.506591796875,295.7119140625,295.9476623535156,296.199462890625,296.4533996582031,296.69622802734375,296.9153137207031,297.098876953125,297.24908447265625,297.3963928222656,297.5414123535156,297.6824951171875,297.8175048828125,297.94354248046875,298.05694580078125,298.1532897949219,298.2271728515625,298.2718200683594,298.27813720703125,298.2491760253906,298.19134521484375,298.11151123046875,298.0170593261719,297.9161376953125,297.8173828125,297.730224609375,297.664794921875
