temp-20250725-1.0.json
{"header": { "parameterCategory": 0, "parameterNumber": 0, "nx": 360, "ny": 181, "lo1": 0.0, "la1": 90.0, "lo2": 359.0, "la2": -90.0, "dx": 1.0, "dy": 1.0, "refTime": "2025-07-25T00:00:00Z", "surface1Type": 1, "surface1Value": 2, "forecastTime": 0, "scanMode": 0 }, "data":
[rows 60 to 79 of 181, columns 0 to 42 of 360]
304.04407958984376,306.04407958984376,306.74407958984375,307.54407958984376,309.9440795898438,306.6440795898438,307.3440795898438,308.04407958984376,305.94407958984374,307.24407958984375,306.74407958984375,305.3440795898438,303.94407958984374,302.8440795898438,302.1440795898438,302.1440795898438,301.04407958984376,299.54407958984376,298.1440795898438,298.8440795898438,298.8440795898438,300.8440795898438,301.1440795898438,300.54407958984376,299.04407958984376,299.94407958984374,299.44407958984374,302.24407958984375,299.54407958984376,297.8440795898438,297.94407958984374,298.54407958984376,298.44407958984374,297.94407958984374,298.04407958984376,300.6440795898438,297.94407958984374,297.3440795898438,300.3440795898438,299.54407958984376,301.44407958984374,302.04407958984376,304.74407958984375
309.9440795898438,309.9440795898438,308.54407958984376,307.4440795898438,308.9440795898438,308.8440795898438,307.6440795898438,307.54407958984376,306.94407958984374,307.74407958984375,304.54407958984376,303.44407958984374,303.8440795898438,303.3440795898438,303.24407958984375,302.74407958984375,302.8440795898438,300.54407958984376,298.94407958984374,298.8440795898438,298.3440795898438,300.24407958984375,301.44407958984374,300.8440795898438,300.94407958984374,301.24407958984375,303.24407958984375,302.3440795898438,303.04407958984376,301.04407958984376,301.04407958984376,302.44407958984374,300.94407958984374,301.04407958984376,294.04407958984376,298.44407958984374,298.24407958984375,296.24407958984375,298.54407958984376,298.1440795898438,298.74407958984375,300.04407958984376,302.74407958984375
310.24407958984375,307.9440795898438,307.9440795898438,307.74407958984375,308.3440795898438,307.3440795898438,306.1440795898438,305.8440795898438,305.24407958984375,304.44407958984374,306.3440795898438,303.54407958984376,304.74407958984375,304.94407958984374,304.04407958984376,303.6440795898438,302.04407958984376,300.8440795898438,299.8440795898438,298.6440795898438,298.3440795898438,300.94407958984374,302.6440795898438,301.3440795898438,303.1440795898438,303.74407958984375,303.24407958984375,304.8440795898438,304.44407958984374,302.8440795898438,303.1440795898438,302.74407958984375,300.74407958984375,301.44407958984374,301.54407958984376,304.8440795898438,297.04407958984376,297.8440795898438,298.54407958984376,299.3440795898438,298.54407958984376,299.8440795898438,302.04407958984376
309.24407958984375,309.24407958984375,308.9440795898438,308.1440795898438,307.9440795898438,305.3440795898438,306.6440795898438,306.6440795898438,305.3440795898438,305.74407958984375,304.6440795898438,304.44407958984374,303.1440795898438,303.44407958984374,303.44407958984374,304.94407958984374,304.94407958984374,302.74407958984375,301.24407958984375,300.8440795898438,300.3440795898438,302.1440795898438,303.24407958984375,302.8440795898438,303.8440795898438,304.1440795898438,302.1440795898438,302.04407958984376,302.3440795898438,303.3440795898438,302.6440795898438,303.6440795898438,301.74407958984375,303.1440795898438,305.04407958984376,303.1440795898438,301.94407958984374,299.6440795898438,299.04407958984376,297.44407958984374,297.94407958984374,300.1440795898438,299.44407958984374
309.24407958984375,309.74407958984375,308.6440795898438,308.6440795898438,305.54407958984376,304.1440795898438,303.8440795898438,303.44407958984374,302.24407958984375,302.94407958984374,302.8440795898438,304.6440795898438,303.04407958984376,302.1440795898438,305.6440795898438,305.74407958984375,304.54407958984376,303.94407958984374,303.3440795898438,302.6440795898438,302.24407958984375,303.24407958984375,304.24407958984375,302.24407958984375,304.04407958984376,303.94407958984374,302.54407958984376,301.44407958984374,302.44407958984374,302.8440795898438,301.6440795898438,303.04407958984376,303.94407958984374,305.04407958984376,303.74407958984375,304.24407958984375,304.1440795898438,304.1440795898438,302.1440795898438,300.94407958984374,297.94407958984374,300.54407958984376,302.44407958984374
309.24407958984375,307.1440795898438,307.3440795898438,308.04407958984376,305.1440795898438,302.74407958984375,304.44407958984374,302.3440795898438,299.24407958984375,299.6440795898438,302.74407958984375,302.94407958984374,299.04407958984376,300.54407958984376,302.04407958984376,304.54407958984376,304.8440795898438,303.44407958984374,303.1440795898438,303.1440795898438,301.8440795898438,302.94407958984374,302.8440795898438,304.24407958984375,304.54407958984376,300.3440795898438,301.54407958984376,301.54407958984376,301.94407958984374,302.44407958984374,303.8440795898438,302.74407958984375,301.8440795898438,305.3440795898438,303.3440795898438,306.3440795898438,304.6440795898438,303.94407958984374,301.1440795898438,300.8440795898438,299.8440795898438,300.54407958984376,301.6440795898438
306.3440795898438,305.94407958984374,308.24407958984375,308.74407958984375,305.74407958984375,303.1440795898438,302.74407958984375,298.54407958984376,300.8440795898438,303.6440795898438,301.44407958984374,300.6440795898438,298.94407958984374,300.04407958984376,302.54407958984376,303.1440795898438,302.44407958984374,301.1440795898438,302.94407958984374,302.3440795898438,300.6440795898438,301.3440795898438,300.74407958984375,304.3440795898438,301.6440795898438,301.04407958984376,297.6440795898438,301.04407958984376,300.8440795898438,302.94407958984374,303.74407958984375,304.04407958984376,303.24407958984375,304.8440795898438,304.24407958984375,302.44407958984374,304.94407958984374,303.8440795898438,302.74407958984375,301.1440795898438,299.94407958984374,300.6440795898438,300.44407958984374
307.24407958984375,308.74407958984375,309.8440795898438,307.8440795898438,306.74407958984375,304.24407958984375,300.54407958984376,302.8440795898438,301.6440795898438,304.44407958984374,303.3440795898438,302.6440795898438,301.74407958984375,302.74407958984375,303.6440795898438,303.6440795898438,301.04407958984376,302.44407958984374,301.94407958984374,299.3440795898438,299.44407958984374,299.04407958984376,302.3440795898438,301.8440795898438,302.04407958984376,300.54407958984376,300.24407958984375,301.8440795898438,303.1440795898438,304.44407958984374,304.44407958984374,305.1440795898438,304.44407958984374,303.3440795898438,303.1440795898438,304.3440795898438,305.24407958984375,304.04407958984376,303.8440795898438,300.8440795898438,297.1440795898438,299.8440795898438,299.74407958984375
306.94407958984374,304.8440795898438,305.6440795898438,305.04407958984376,307.74407958984375,306.74407958984375,304.74407958984375,305.1440795898438,305.44407958984374,304.54407958984376,305.24407958984375,305.8440795898438,305.6440795898438,304.8440795898438,306.94407958984374,305.54407958984376,300.04407958984376,299.94407958984374,298.94407958984374,296.1440795898438,300.3440795898438,301.54407958984376,300.44407958984374,300.6440795898438,302.1440795898438,301.94407958984374,302.44407958984374,302.6440795898438,304.94407958984374,306.1440795898438,305.54407958984376,305.3440795898438,303.24407958984375,305.8440795898438,305.3440795898438,301.54407958984376,303.54407958984376,305.94407958984374,304.04407958984376,302.8440795898438,300.04407958984376,298.54407958984376,299.44407958984374
303.24407958984375,304.74407958984375,304.44407958984374,303.54407958984376,302.44407958984374,301.6440795898438,303.44407958984374,306.44407958984374,306.6440795898438,304.6440795898438,306.04407958984376,306.3440795898438,306.24407958984375,305.24407958984375,308.74407958984375,307.3440795898438,306.1440795898438,296.3440795898438,298.74407958984375,300.24407958984375,303.04407958984376,302.6440795898438,302.24407958984375,301.8440795898438,301.1440795898438,301.74407958984375,302.1440795898438,303.8440795898438,305.44407958984374,305.8440795898438,306.6440795898438,307.04407958984376,302.24407958984375,306.04407958984376,305.24407958984375,302.24407958984375,303.1440795898438,305.1440795898438,305.04407958984376,304.04407958984376,304.3440795898438,296.94407958984374,298.1440795898438
302.24407958984375,301.04407958984376,301.24407958984375,300.8440795898438,301.3440795898438,301.54407958984376,302.8440795898438,306.3440795898438,303.94407958984374,304.04407958984376,304.54407958984376,305.24407958984375,306.8440795898438,306.54407958984376,306.74407958984375,304.8440795898438,304.24407958984375,305.6440795898438,305.44407958984374,302.54407958984376,302.6440795898438,303.44407958984374,302.94407958984374,302.04407958984376,300.3440795898438,301.54407958984376,302.8440795898438,303.3440795898438,303.8440795898438,305.74407958984375,307.54407958984376,304.94407958984374,304.8440795898438,304.6440795898438,305.1440795898438,304.24407958984375,302.6440795898438,304.54407958984376,304.8440795898438,304.24407958984375,302.44407958984374,301.94407958984374,296.54407958984376
300.24407958984375,299.54407958984376,302.1440795898438,301.94407958984374,304.3440795898438,303.44407958984374,304.6440795898438,305.3440795898438,303.8440795898438,300.04407958984376,304.04407958984376,305.6440795898438,306.74407958984375,304.74407958984375,304.04407958984376,303.74407958984375,305.24407958984375,305.44407958984374,305.44407958984374,305.04407958984376,304.8440795898438,304.24407958984375,302.1440795898438,301.44407958984374,300.6440795898438,301.6440795898438,302.74407958984375,301.94407958984374,304.24407958984375,307.9440795898438,307.6440795898438,306.94407958984374,306.8440795898438,304.44407958984374,305.54407958984376,305.3440795898438,304.24407958984375,305.04407958984376,304.44407958984374,304.1440795898438,303.54407958984376,303.04407958984376,301.74407958984375
300.24407958984375,300.8440795898438,303.6440795898438,302.44407958984374,301.24407958984375,303.04407958984376,302.74407958984375,302.8440795898438,300.54407958984376,300.94407958984374,304.3440795898438,304.94407958984374,304.94407958984374,303.74407958984375,305.04407958984376,305.1440795898438,305.94407958984374,306.54407958984376,305.6440795898438,306.04407958984376,304.6440795898438,303.54407958984376,303.54407958984376,303.24407958984375,302.24407958984375,303.24407958984375,301.94407958984374,304.6440795898438,305.04407958984376,306.6440795898438,306.8440795898438,308.1440795898438,307.4440795898438,306.8440795898438,306.6440795898438,307.3440795898438,305.6440795898438,301.8440795898438,306.04407958984376,305.04407958984376,304.24407958984375,303.94407958984374,304.74407958984375
301.6440795898438,304.8440795898438,304.1440795898438,302.6440795898438,303.54407958984376,302.8440795898438,302.54407958984376,303.74407958984375,300.6440795898438,301.74407958984375,301.1440795898438,304.1440795898438,305.3440795898438,305.44407958984374,305.94407958984374,306.6440795898438,307.74407958984375,307.9440795898438,307.54407958984376,305.8440795898438,303.44407958984374,302.94407958984374,301.6440795898438,298.94407958984374,302.54407958984376,302.3440795898438,303.24407958984375,302.8440795898438,304.74407958984375,306.74407958984375,307.24407958984375,306.3440795898438,307.1440795898438,306.74407958984375,307.04407958984376,306.6440795898438,305.94407958984374,303.6440795898438,303.1440795898438,306.04407958984376,304.8440795898438,303.8440795898438,304.3440795898438
300.3440795898438,304.8440795898438,303.1440795898438,302.74407958984375,302.6440795898438,301.3440795898438,301.8440795898438,301.44407958984374,302.44407958984374,303.1440795898438,303.54407958984376,304.04407958984376,305.24407958984375,305.74407958984375,305.94407958984374,305.6440795898438,305.8440795898438,306.24407958984375,305.6440795898438,303.74407958984375,303.44407958984374,303.44407958984374,301.6440795898438,299.74407958984375,300.24407958984375,302.24407958984375,302.3440795898438,303.8440795898438,304.54407958984376,305.74407958984375,306.24407958984375,305.24407958984375,306.24407958984375,305.54407958984376,304.94407958984374,305.3440795898438,304.24407958984375,303.6440795898438,298.44407958984374,306.6440795898438,304.6440795898438,304.44407958984374,303.8440795898438
301.94407958984374,303.3440795898438,302.8440795898438,302.24407958984375,301.24407958984375,302.24407958984375,301.6440795898438,301.6440795898438,302.24407958984375,302.1440795898438,303.04407958984376,303.54407958984376,304.04407958984376,303.8440795898438,303.54407958984376,304.1440795898438,305.24407958984375,304.04407958984376,304.44407958984374,303.44407958984374,303.6440795898438,302.24407958984375,297.3440795898438,299.44407958984374,296.8440795898438,298.74407958984375,301.04407958984376,301.74407958984375,302.6440795898438,303.74407958984375,305.1440795898438,304.3440795898438,304.74407958984375,303.44407958984374,303.04407958984376,301.44407958984374,302.24407958984375,298.74407958984375,296.74407958984375,291.44407958984374,306.1440795898438,303.94407958984374,303.44407958984374
300.44407958984374,300.6440795898438,300.6440795898438,300.54407958984376,300.94407958984374,301.04407958984376,301.74407958984375,300.04407958984376,300.24407958984375,301.44407958984374,302.3440795898438,302.6440795898438,302.8440795898438,304.54407958984376,299.3440795898438,303.54407958984376,304.04407958984376,302.54407958984376,302.3440795898438,302.44407958984374,302.44407958984374,298.74407958984375,294.8440795898438,298.54407958984376,293.6440795898438,294.6440795898438,299.54407958984376,302.1440795898438,303.04407958984376,303.1440795898438,302.94407958984374,303.04407958984376,303.44407958984374,303.1440795898438,301.3440795898438,299.74407958984375,299.54407958984376,294.54407958984376,291.94407958984374,290.44407958984374,303.24407958984375,302.8440795898438,304.94407958984374
298.3440795898438,298.54407958984376,298.8440795898438,298.74407958984375,299.54407958984376,299.04407958984376,297.94407958984374,297.94407958984374,298.94407958984374,300.74407958984375,301.6440795898438,302.44407958984374,302.8440795898438,300.8440795898438,299.74407958984375,301.44407958984374,301.24407958984375,300.8440795898438,301.24407958984375,302.74407958984375,301.44407958984374,297.8440795898438,295.04407958984376,297.6440795898438,293.74407958984375,297.6440795898438,299.54407958984376,302.6440795898438,303.1440795898438,300.44407958984374,301.24407958984375,301.54407958984376,302.94407958984374,301.6440795898438,298.8440795898438,297.74407958984375,294.94407958984374,291.8440795898438,287.54407958984376,293.8440795898438,299.44407958984374,308.74407958984375,304.44407958984374
297.1440795898438,296.74407958984375,296.3440795898438,296.8440795898438,297.74407958984375,296.74407958984375,295.94407958984374,295.74407958984375,296.54407958984376,299.44407958984374,299.94407958984374,299.6440795898438,299.24407958984375,299.8440795898438,299.24407958984375,299.8440795898438,300.3440795898438,298.44407958984374,295.74407958984375,298.44407958984374,300.54407958984376,297.3440795898438,299.3440795898438,296.04407958984376,296.94407958984374,299.74407958984375,301.8440795898438,302.44407958984374,301.54407958984376,298.1440795898438,298.04407958984376,296.3440795898438,300.74407958984375,300.3440795898438,297.6440795898438,296.54407958984376,293.8440795898438,292.44407958984374,287.6440795898438,286.94407958984374,302.04407958984376,306.54407958984376,304.24407958984375
296.94407958984374,296.1440795898438,294.44407958984374,294.8440795898438,295.3440795898438,296.04407958984376,294.44407958984374,293.24407958984375,293.44407958984374,293.3440795898438,296.1440795898438,297.6440795898438,296.8440795898438,297.54407958984376,297.1440795898438,298.24407958984375,298.6440795898438,296.3440795898438,296.44407958984374,295.24407958984375,297.24407958984375,297.3440795898438,297.54407958984376,298.1440795898438,297.54407958984376,299.54407958984376,299.8440795898438,299.6440795898438,299.44407958984374,296.94407958984374,296.1440795898438,295.44407958984374,297.74407958984375,296.3440795898438,294.6440795898438,293.6440795898438,291.8440795898438,283.94407958984374,286.1440795898438,282.8440795898438,295.24407958984375,304.44407958984374,305.94407958984374
