temp-20250725-1.0.json
{"header": { "parameterCategory": 0, "parameterNumber": 0, "nx": 360, "ny": 181, "lo1": 0.0, "la1": 90.0, "lo2": 359.0, "la2": -90.0, "dx": 1.0, "dy": 1.0, "refTime": "2025-07-25T00:00:00Z", "surface1Type": 1, "surface1Value": 2, "forecastTime": 0, "scanMode": 0 }, "data":
[rows 120 to 139 of 181, columns 215 to 257 of 360]
290.54407958984376,291.44407958984374,291.74407958984375,292.04407958984376,292.24407958984375,291.3440795898438,291.54407958984376,291.6440795898438,291.1440795898438,291.24407958984375,291.8440795898438,292.74407958984375,292.54407958984376,293.94407958984374,294.24407958984375,293.74407958984375,293.74407958984375,293.74407958984375,292.94407958984374,292.54407958984376,292.94407958984374,293.3440795898438,293.24407958984375,293.24407958984375,293.3440795898438,293.3440795898438,293.3440795898438,293.54407958984376,293.24407958984375,292.74407958984375,292.74407958984375,292.8440795898438,292.94407958984374,293.44407958984374,293.44407958984374,293.24407958984375,292.8440795898438,292.54407958984376,292.54407958984376,292.44407958984374,291.94407958984374,291.3440795898438,291.1440795898438
290.24407958984375,290.74407958984375,290.94407958984374,291.1440795898438,291.54407958984376,291.8440795898438,291.54407958984376,291.3440795898438,291.3440795898438,291.94407958984374,291.74407958984375,291.6440795898438,291.44407958984374,292.24407958984375,292.44407958984374,291.8440795898438,291.54407958984376,292.74407958984375,292.3440795898438,292.24407958984375,292.44407958984374,292.8440795898438,292.6440795898438,292.44407958984374,292.74407958984375,292.94407958984374,292.6440795898438,292.54407958984376,292.74407958984375,292.6440795898438,292.6440795898438,292.24407958984375,292.3440795898438,292.1440795898438,292.1440795898438,292.3440795898438,292.6440795898438,292.74407958984375,292.3440795898438,291.74407958984375,291.54407958984376,291.6440795898438,291.1440795898438
289.8440795898438,290.24407958984375,290.3440795898438,290.54407958984376,290.94407958984374,291.3440795898438,291.1440795898438,291.24407958984375,291.3440795898438,291.3440795898438,291.8440795898438,291.94407958984374,291.94407958984374,291.8440795898438,291.44407958984374,291.74407958984375,292.1440795898438,292.8440795898438,292.74407958984375,292.04407958984376,292.3440795898438,291.94407958984374,292.44407958984374,291.94407958984374,291.74407958984375,292.1440795898438,292.04407958984376,291.94407958984374,291.94407958984374,292.04407958984376,292.1440795898438,291.8440795898438,292.1440795898438,291.94407958984374,291.44407958984374,291.3440795898438,291.44407958984374,291.74407958984375,292.04407958984376,291.44407958984374,290.94407958984374,290.74407958984375,290.74407958984375
289.3440795898438,289.3440795898438,289.44407958984374,289.74407958984375,289.74407958984375,290.3440795898438,290.3440795898438,290.24407958984375,290.8440795898438,290.94407958984374,290.8440795898438,290.6440795898438,290.74407958984375,291.04407958984376,290.94407958984374,290.74407958984375,290.8440795898438,291.04407958984376,291.04407958984376,290.44407958984374,290.04407958984376,289.94407958984374,291.24407958984375,290.94407958984374,291.24407958984375,291.1440795898438,291.04407958984376,291.24407958984375,291.24407958984375,291.1440795898438,291.24407958984375,291.24407958984375,291.44407958984374,291.3440795898438,291.24407958984375,290.74407958984375,291.04407958984376,290.94407958984374,290.54407958984376,290.44407958984374,290.24407958984375,290.44407958984374,290.44407958984374
288.6440795898438,289.04407958984376,289.04407958984376,288.94407958984374,289.24407958984375,289.24407958984375,289.3440795898438,289.6440795898438,290.1440795898438,290.1440795898438,289.8440795898438,289.6440795898438,289.94407958984374,290.6440795898438,290.24407958984375,289.8440795898438,289.54407958984376,289.6440795898438,289.8440795898438,289.54407958984376,289.8440795898438,290.04407958984376,289.3440795898438,288.74407958984375,288.94407958984374,290.1440795898438,290.94407958984374,290.74407958984375,290.6440795898438,290.74407958984375,290.94407958984374,290.94407958984374,290.24407958984375,289.94407958984374,290.24407958984375,290.04407958984376,290.1440795898438,290.3440795898438,290.04407958984376,289.94407958984374,289.74407958984375,289.74407958984375,290.24407958984375
287.6440795898438,288.04407958984376,288.1440795898438,288.44407958984374,288.74407958984375,288.74407958984375,288.74407958984375,288.94407958984374,288.94407958984374,289.1440795898438,289.3440795898438,289.54407958984376,289.1440795898438,288.94407958984374,288.74407958984375,289.3440795898438,289.3440795898438,289.04407958984376,288.74407958984375,288.74407958984375,288.94407958984374,289.1440795898438,288.94407958984374,288.6440795898438,288.94407958984374,288.94407958984374,288.6440795898438,289.6440795898438,289.8440795898438,290.44407958984374,289.94407958984374,290.44407958984374,289.74407958984375,289.54407958984376,289.1440795898438,289.04407958984376,289.04407958984376,289.1440795898438,288.6440795898438,288.8440795898438,289.04407958984376,289.24407958984375,289.6440795898438
287.04407958984376,287.44407958984374,287.3440795898438,287.6440795898438,287.94407958984374,288.04407958984376,287.94407958984374,288.3440795898438,288.74407958984375,288.6440795898438,288.74407958984375,288.94407958984374,289.1440795898438,288.44407958984374,288.3440795898438,288.54407958984376,288.74407958984375,288.24407958984375,287.94407958984374,287.6440795898438,287.54407958984376,287.8440795898438,287.94407958984374,287.6440795898438,287.74407958984375,287.94407958984374,288.24407958984375,288.44407958984374,288.74407958984375,289.44407958984374,289.6440795898438,289.3440795898438,289.6440795898438,288.8440795898438,288.54407958984376,288.6440795898438,288.54407958984376,288.3440795898438,288.1440795898438,288.1440795898438,288.44407958984374,287.94407958984374,288.44407958984374
286.04407958984376,286.44407958984374,286.74407958984375,287.24407958984375,287.3440795898438,287.54407958984376,287.74407958984375,287.44407958984374,287.8440795898438,287.94407958984374,288.1440795898438,288.04407958984376,288.1440795898438,288.04407958984376,287.6440795898438,287.94407958984374,287.54407958984376,287.3440795898438,287.24407958984375,287.24407958984375,287.04407958984376,287.24407958984375,287.3440795898438,287.1440795898438,287.04407958984376,287.04407958984376,287.54407958984376,287.8440795898438,288.04407958984376,288.3440795898438,288.6440795898438,288.44407958984374,288.8440795898438,288.54407958984376,287.94407958984374,287.94407958984374,287.8440795898438,287.3440795898438,287.3440795898438,287.3440795898438,287.44407958984374,287.24407958984375,287.8440795898438
286.04407958984376,286.04407958984376,285.54407958984376,284.74407958984375,286.3440795898438,286.54407958984376,287.04407958984376,287.1440795898438,286.94407958984374,286.74407958984375,287.44407958984374,287.3440795898438,287.74407958984375,287.54407958984376,287.3440795898438,287.1440795898438,286.8440795898438,286.54407958984376,286.24407958984375,286.24407958984375,286.3440795898438,286.44407958984374,286.3440795898438,286.54407958984376,286.44407958984374,286.6440795898438,286.94407958984374,287.3440795898438,287.1440795898438,287.04407958984376,287.54407958984376,288.54407958984376,288.04407958984376,287.74407958984375,287.3440795898438,287.24407958984375,286.3440795898438,286.54407958984376,286.6440795898438,286.94407958984374,287.3440795898438,287.04407958984376,286.74407958984375
284.94407958984374,284.94407958984374,285.1440795898438,285.54407958984376,285.94407958984374,285.94407958984374,285.74407958984375,285.94407958984374,286.1440795898438,286.3440795898438,286.74407958984375,286.54407958984376,286.94407958984374,286.8440795898438,286.74407958984375,286.74407958984375,286.54407958984376,286.24407958984375,286.24407958984375,285.94407958984374,285.8440795898438,285.8440795898438,285.74407958984375,285.74407958984375,285.8440795898438,285.74407958984375,286.04407958984376,286.1440795898438,286.04407958984376,286.3440795898438,286.8440795898438,287.74407958984375,288.04407958984376,286.94407958984374,286.44407958984374,285.94407958984374,285.6440795898438,285.94407958984374,285.94407958984374,286.3440795898438,286.44407958984374,285.8440795898438,285.04407958984376
284.44407958984374,284.24407958984375,284.44407958984374,284.54407958984376,284.74407958984375,285.24407958984375,285.1440795898438,285.24407958984375,285.54407958984376,285.74407958984375,285.6440795898438,285.6440795898438,286.1440795898438,286.1440795898438,286.1440795898438,285.94407958984374,285.8440795898438,285.74407958984375,285.8440795898438,285.54407958984376,285.44407958984374,285.44407958984374,285.44407958984374,285.44407958984374,285.44407958984374,285.24407958984375,285.54407958984376,285.44407958984374,285.44407958984374,285.54407958984376,286.24407958984375,286.8440795898438,287.3440795898438,286.24407958984375,285.54407958984376,285.54407958984376,285.74407958984375,286.04407958984376,285.74407958984375,286.1440795898438,284.8440795898438,284.3440795898438,283.8440795898438
283.8440795898438,283.6440795898438,283.74407958984375,284.04407958984376,283.8440795898438,284.3440795898438,284.54407958984376,284.8440795898438,285.24407958984375,285.24407958984375,285.24407958984375,285.24407958984375,284.94407958984374,285.04407958984376,285.24407958984375,285.1440795898438,285.3440795898438,285.1440795898438,285.04407958984376,284.8440795898438,284.94407958984374,285.1440795898438,284.94407958984374,284.74407958984375,284.74407958984375,284.6440795898438,284.94407958984374,285.04407958984376,285.04407958984376,284.8440795898438,285.3440795898438,286.04407958984376,286.04407958984376,285.1440795898438,284.8440795898438,285.24407958984375,285.74407958984375,285.6440795898438,284.54407958984376,283.94407958984374,283.54407958984376,283.1440795898438,282.8440795898438
282.8440795898438,282.94407958984374,283.1440795898438,283.3440795898438,283.44407958984374,283.44407958984374,284.04407958984376,284.1440795898438,284.3440795898438,284.54407958984376,284.54407958984376,284.8440795898438,284.74407958984375,284.6440795898438,284.3440795898438,284.44407958984374,284.6440795898438,284.3440795898438,284.24407958984375,284.24407958984375,284.1440795898438,283.94407958984374,283.8440795898438,283.6440795898438,283.6440795898438,283.74407958984375,284.04407958984376,284.3440795898438,284.54407958984376,284.74407958984375,284.74407958984375,285.54407958984376,284.8440795898438,284.04407958984376,284.8440795898438,285.04407958984376,284.3440795898438,283.8440795898438,283.54407958984376,283.1440795898438,282.8440795898438,282.54407958984376,282.6440795898438
282.6440795898438,282.44407958984374,282.24407958984375,282.8440795898438,282.74407958984375,282.44407958984374,282.94407958984374,283.24407958984375,283.44407958984374,283.54407958984376,283.44407958984374,283.94407958984374,284.04407958984376,284.1440795898438,284.04407958984376,284.04407958984376,284.04407958984376,283.94407958984374,283.6440795898438,283.44407958984374,283.04407958984376,283.1440795898438,283.24407958984375,283.04407958984376,283.1440795898438,283.24407958984375,283.6440795898438,283.6440795898438,283.54407958984376,283.94407958984374,284.3440795898438,285.24407958984375,283.8440795898438,283.8440795898438,284.04407958984376,283.3440795898438,283.04407958984376,282.94407958984374,282.54407958984376,282.24407958984375,282.44407958984374,282.44407958984374,282.3440795898438
282.3440795898438,282.1440795898438,281.94407958984374,281.8440795898438,281.74407958984375,281.8440795898438,282.04407958984376,282.3440795898438,282.54407958984376,282.74407958984375,282.8440795898438,282.8440795898438,282.94407958984374,283.24407958984375,283.3440795898438,283.3440795898438,282.94407958984374,282.8440795898438,282.54407958984376,282.24407958984375,282.3440795898438,282.44407958984374,282.6440795898438,282.44407958984374,282.94407958984374,283.04407958984376,283.3440795898438,283.54407958984376,283.1440795898438,283.6440795898438,284.3440795898438,283.54407958984376,283.1440795898438,282.94407958984374,282.74407958984375,282.74407958984375,282.6440795898438,282.1440795898438,282.24407958984375,282.1440795898438,281.94407958984374,281.94407958984374,281.74407958984375
282.24407958984375,282.1440795898438,281.94407958984374,281.74407958984375,281.74407958984375,281.6440795898438,281.8440795898438,281.94407958984374,281.94407958984374,282.1440795898438,282.24407958984375,282.3440795898438,282.44407958984374,282.3440795898438,282.3440795898438,282.6440795898438,281.94407958984374,281.8440795898438,281.6440795898438,281.54407958984376,281.6440795898438,281.54407958984376,281.74407958984375,282.04407958984376,282.1440795898438,282.6440795898438,282.44407958984374,282.74407958984375,283.24407958984375,283.1440795898438,282.94407958984374,282.54407958984376,282.3440795898438,282.24407958984375,282.1440795898438,282.04407958984376,281.8440795898438,281.6440795898438,281.54407958984376,281.6440795898438,281.54407958984376,281.24407958984375,281.24407958984375
281.8440795898438,281.94407958984374,281.74407958984375,281.54407958984376,281.54407958984376,281.74407958984375,281.6440795898438,281.44407958984374,281.74407958984375,281.54407958984376,281.44407958984374,281.6440795898438,281.8440795898438,281.8440795898438,282.04407958984376,281.44407958984374,281.04407958984376,281.04407958984376,280.94407958984374,281.04407958984376,281.04407958984376,281.04407958984376,281.1440795898438,281.3440795898438,282.04407958984376,282.3440795898438,282.44407958984374,282.74407958984375,282.54407958984376,282.6440795898438,282.1440795898438,281.74407958984375,281.6440795898438,281.74407958984375,281.74407958984375,281.44407958984374,281.3440795898438,281.1440795898438,281.1440795898438,281.1440795898438,280.8440795898438,280.6440795898438,280.8440795898438
281.6440795898438,281.74407958984375,281.44407958984374,281.3440795898438,281.24407958984375,281.24407958984375,281.3440795898438,281.44407958984374,281.24407958984375,281.1440795898438,281.24407958984375,281.44407958984374,281.54407958984376,281.74407958984375,281.04407958984376,281.04407958984376,280.8440795898438,280.74407958984375,280.8440795898438,281.04407958984376,280.6440795898438,281.1440795898438,281.04407958984376,281.04407958984376,281.54407958984376,281.8440795898438,281.94407958984374,281.8440795898438,281.94407958984374,281.6440795898438,281.54407958984376,281.3440795898438,281.1440795898438,280.94407958984374,280.94407958984374,280.8440795898438,280.8440795898438,280.74407958984375,280.74407958984375,280.54407958984376,280.44407958984374,280.24407958984375,280.1440795898438
281.44407958984374,281.44407958984374,281.04407958984376,280.74407958984375,280.54407958984376,280.8440795898438,281.24407958984375,281.04407958984376,280.94407958984374,280.94407958984374,280.74407958984375,280.3440795898438,279.8440795898438,280.04407958984376,280.54407958984376,280.6440795898438,281.04407958984376,280.54407958984376,280.6440795898438,280.44407958984374,280.3440795898438,280.8440795898438,280.44407958984374,280.8440795898438,280.94407958984374,280.8440795898438,281.54407958984376,281.3440795898438,281.3440795898438,281.1440795898438,280.8440795898438,280.74407958984375,280.6440795898438,280.54407958984376,280.44407958984374,280.3440795898438,280.44407958984374,280.8440795898438,280.1440795898438,279.94407958984374,280.04407958984376,280.04407958984376,279.8440795898438
281.54407958984376,281.3440795898438,281.04407958984376,280.8440795898438,280.8440795898438,280.54407958984376,280.6440795898438,280.44407958984374,280.24407958984375,280.1440795898438,280.1440795898438,279.94407958984374,279.94407958984374,280.1440795898438,280.24407958984375,280.44407958984374,280.1440795898438,279.8440795898438,279.74407958984375,279.8440795898438,280.3440795898438,280.1440795898438,279.94407958984374,280.24407958984375,280.74407958984375,280.6440795898438,280.74407958984375,280.74407958984375,280.74407958984375,280.6440795898438,280.44407958984374,280.44407958984374,280.24407958984375,280.24407958984375,280.3440795898438,280.24407958984375,280.24407958984375,280.04407958984376,279.74407958984375,279.6440795898438,279.74407958984375,279.6440795898438,279.44407958984374
