temp-20250725-1.0.json
{"header": { "parameterCategory": 0, "parameterNumber": 0, "nx": 360, "ny": 181, "lo1": 0.0, "la1": 90.0, "lo2": 359.0, "la2": -90.0, "dx": 1.0, "dy": 1.0, "refTime": "2025-07-25T00:00:00Z", "surface1Type": 1, "surface1Value": 2, "forecastTime": 0, "scanMode": 0 }, "data":
[rows 80 to 99 of 181, columns 301 to 343 of 360]
300.8440795898438,300.44407958984374,300.6440795898438,300.8440795898438,300.6440795898438,299.94407958984374,300.54407958984376,300.8440795898438,300.8440795898438,301.04407958984376,301.04407958984376,301.04407958984376,300.04407958984376,300.04407958984376,299.44407958984374,299.3440795898438,299.6440795898438,299.3440795898438,299.44407958984374,299.1440795898438,299.24407958984375,298.3440795898438,297.6440795898438,297.44407958984374,298.74407958984375,299.3440795898438,300.24407958984375,300.54407958984376,299.8440795898438,299.94407958984374,299.74407958984375,299.24407958984375,299.94407958984374,299.3440795898438,299.3440795898438,299.54407958984376,299.44407958984374,299.1440795898438,298.6440795898438,298.54407958984376,298.8440795898438,298.8440795898438,299.24407958984375
300.54407958984376,301.04407958984376,301.04407958984376,301.1440795898438,301.04407958984376,300.94407958984374,300.44407958984374,301.3440795898438,301.24407958984375,301.1440795898438,300.74407958984375,300.44407958984374,300.44407958984374,300.3440795898438,299.54407958984376,299.8440795898438,300.04407958984376,298.94407958984374,299.8440795898438,297.94407958984374,297.6440795898438,297.1440795898438,297.6440795898438,298.54407958984376,298.8440795898438,300.3440795898438,300.44407958984374,300.44407958984374,299.04407958984376,299.54407958984376,299.44407958984374,299.74407958984375,299.44407958984374,299.6440795898438,299.44407958984374,299.54407958984376,299.1440795898438,299.04407958984376,298.74407958984375,299.1440795898438,298.74407958984375,298.74407958984375,299.3440795898438
300.6440795898438,301.1440795898438,300.94407958984374,300.74407958984375,301.1440795898438,301.3440795898438,301.6440795898438,301.54407958984376,301.24407958984375,300.94407958984374,300.3440795898438,300.54407958984376,300.04407958984376,299.3440795898438,300.6440795898438,300.6440795898438,299.24407958984375,298.04407958984376,297.1440795898438,296.94407958984374,296.8440795898438,298.54407958984376,298.8440795898438,300.24407958984375,300.44407958984374,300.54407958984376,300.44407958984374,300.44407958984374,300.54407958984376,300.44407958984374,300.1440795898438,300.04407958984376,299.54407958984376,300.04407958984376,300.1440795898438,299.8440795898438,299.74407958984375,299.04407958984376,298.74407958984375,299.1440795898438,299.24407958984375,299.04407958984376,299.24407958984375
296.1440795898438,301.1440795898438,300.94407958984374,301.04407958984376,301.24407958984375,301.54407958984376,301.44407958984374,301.3440795898438,300.74407958984375,300.8440795898438,300.6440795898438,301.54407958984376,301.6440795898438,301.44407958984374,300.3440795898438,300.3440795898438,301.1440795898438,301.04407958984376,297.94407958984374,299.04407958984376,300.54407958984376,300.44407958984374,300.3440795898438,300.54407958984376,300.3440795898438,300.24407958984375,300.44407958984374,300.54407958984376,300.44407958984374,299.74407958984375,299.3440795898438,299.94407958984374,300.1440795898438,300.1440795898438,299.6440795898438,299.8440795898438,299.1440795898438,299.3440795898438,299.04407958984376,298.6440795898438,298.94407958984374,298.94407958984374,298.8440795898438
295.94407958984374,296.8440795898438,299.8440795898438,301.24407958984375,300.44407958984374,300.94407958984374,301.04407958984376,301.24407958984375,301.04407958984376,301.24407958984375,301.1440795898438,301.3440795898438,301.54407958984376,301.6440795898438,301.3440795898438,300.94407958984374,301.1440795898438,300.94407958984374,300.74407958984375,300.44407958984374,300.6440795898438,300.44407958984374,300.04407958984376,300.1440795898438,300.1440795898438,299.94407958984374,299.6440795898438,299.54407958984376,299.24407958984375,299.44407958984374,300.54407958984376,300.1440795898438,299.8440795898438,299.74407958984375,299.54407958984376,299.54407958984376,299.24407958984375,298.54407958984376,298.94407958984374,298.8440795898438,298.74407958984375,298.8440795898438,298.74407958984375
296.1440795898438,297.3440795898438,297.1440795898438,297.8440795898438,298.74407958984375,297.3440795898438,295.8440795898438,300.94407958984374,301.3440795898438,301.1440795898438,301.24407958984375,301.24407958984375,301.24407958984375,301.24407958984375,301.3440795898438,301.04407958984376,300.94407958984374,300.8440795898438,300.6440795898438,300.44407958984374,300.04407958984376,300.3440795898438,300.3440795898438,300.04407958984376,299.8440795898438,299.6440795898438,299.04407958984376,299.94407958984374,300.44407958984374,299.74407958984375,300.1440795898438,299.8440795898438,299.74407958984375,299.44407958984374,299.1440795898438,299.1440795898438,298.6440795898438,298.6440795898438,298.54407958984376,298.54407958984376,298.1440795898438,298.04407958984376,298.24407958984375
298.54407958984376,298.1440795898438,298.1440795898438,299.1440795898438,298.1440795898438,298.54407958984376,296.74407958984375,295.74407958984375,301.24407958984375,301.04407958984376,300.94407958984374,300.94407958984374,300.74407958984375,301.04407958984376,301.3440795898438,300.74407958984375,300.6440795898438,300.44407958984374,300.44407958984374,300.44407958984374,300.44407958984374,300.44407958984374,300.24407958984375,300.04407958984376,299.6440795898438,299.54407958984376,299.54407958984376,299.6440795898438,299.8440795898438,299.8440795898438,299.8440795898438,299.6440795898438,299.3440795898438,298.94407958984374,298.74407958984375,298.3440795898438,298.04407958984376,297.8440795898438,297.8440795898438,297.8440795898438,297.74407958984375,297.94407958984374,297.8440795898438
297.54407958984376,298.6440795898438,298.94407958984374,297.04407958984376,297.04407958984376,297.94407958984374,297.54407958984376,295.8440795898438,300.6440795898438,301.24407958984375,300.74407958984375,300.1440795898438,300.6440795898438,300.44407958984374,300.44407958984374,300.3440795898438,300.54407958984376,300.6440795898438,300.54407958984376,300.54407958984376,300.44407958984374,300.3440795898438,300.1440795898438,299.94407958984374,299.74407958984375,299.44407958984374,299.3440795898438,299.6440795898438,299.74407958984375,299.74407958984375,299.6440795898438,299.24407958984375,298.8440795898438,298.8440795898438,298.24407958984375,297.8440795898438,297.44407958984374,297.24407958984375,297.3440795898438,297.44407958984374,297.3440795898438,297.44407958984374,297.1440795898438
298.54407958984376,297.94407958984374,297.74407958984375,298.04407958984376,297.54407958984376,297.54407958984376,295.3440795898438,295.1440795898438,296.24407958984375,301.1440795898438,300.8440795898438,300.04407958984376,300.04407958984376,300.1440795898438,300.04407958984376,299.94407958984374,299.94407958984374,300.04407958984376,300.1440795898438,300.1440795898438,300.1440795898438,300.1440795898438,300.04407958984376,299.74407958984375,299.44407958984374,299.44407958984374,299.44407958984374,299.54407958984376,299.54407958984376,299.6440795898438,299.44407958984374,299.24407958984375,298.74407958984375,298.24407958984375,297.74407958984375,297.3440795898438,297.3440795898438,296.94407958984374,296.8440795898438,296.8440795898438,297.04407958984376,296.94407958984374,296.6440795898438
297.74407958984375,297.04407958984376,297.3440795898438,296.3440795898438,297.44407958984374,296.1440795898438,294.3440795898438,296.1440795898438,296.04407958984376,298.24407958984375,300.74407958984375,300.74407958984375,300.44407958984374,300.24407958984375,300.04407958984376,300.04407958984376,300.04407958984376,299.94407958984374,299.94407958984374,300.04407958984376,300.24407958984375,299.94407958984374,299.54407958984376,299.3440795898438,299.3440795898438,299.3440795898438,299.44407958984374,299.54407958984376,299.8440795898438,299.74407958984375,299.1440795898438,299.44407958984374,299.04407958984376,298.04407958984376,297.44407958984374,297.1440795898438,297.24407958984375,296.8440795898438,296.54407958984376,296.6440795898438,296.54407958984376,296.1440795898438,295.8440795898438
298.44407958984374,297.94407958984374,297.1440795898438,297.54407958984376,294.54407958984376,297.6440795898438,296.44407958984374,295.24407958984375,299.1440795898438,297.94407958984374,301.1440795898438,301.04407958984376,300.74407958984375,300.44407958984374,300.04407958984376,299.8440795898438,299.94407958984374,299.74407958984375,299.74407958984375,299.94407958984374,300.1440795898438,300.04407958984376,299.8440795898438,299.54407958984376,299.3440795898438,299.04407958984376,299.1440795898438,299.3440795898438,299.44407958984374,299.54407958984376,299.3440795898438,298.6440795898438,298.44407958984374,298.8440795898438,297.94407958984374,297.44407958984374,297.1440795898438,296.8440795898438,296.3440795898438,296.3440795898438,296.04407958984376,295.94407958984374,295.94407958984374
297.54407958984376,299.24407958984375,298.24407958984375,296.6440795898438,296.3440795898438,295.54407958984376,296.3440795898438,297.54407958984376,296.3440795898438,296.24407958984375,296.94407958984374,296.24407958984375,295.94407958984374,300.24407958984375,300.24407958984375,300.04407958984376,299.74407958984375,299.44407958984374,299.54407958984376,299.54407958984376,299.74407958984375,299.74407958984375,299.6440795898438,299.54407958984376,299.6440795898438,299.3440795898438,299.04407958984376,298.74407958984375,298.94407958984374,298.94407958984374,299.24407958984375,299.04407958984376,298.94407958984374,298.3440795898438,298.24407958984375,298.54407958984376,297.8440795898438,297.44407958984374,297.04407958984376,296.94407958984374,296.74407958984375,296.3440795898438,296.3440795898438
299.3440795898438,301.3440795898438,297.3440795898438,299.44407958984374,300.3440795898438,299.44407958984374,299.6440795898438,297.94407958984374,297.6440795898438,298.94407958984374,296.8440795898438,296.74407958984375,296.04407958984376,296.04407958984376,296.24407958984375,300.44407958984374,300.1440795898438,299.94407958984374,299.74407958984375,299.6440795898438,299.74407958984375,299.6440795898438,299.6440795898438,299.6440795898438,299.8440795898438,299.6440795898438,299.3440795898438,299.04407958984376,298.8440795898438,298.74407958984375,299.1440795898438,299.54407958984376,298.74407958984375,298.94407958984374,298.44407958984374,297.94407958984374,297.3440795898438,297.3440795898438,297.3440795898438,296.74407958984375,296.54407958984376,296.44407958984374,296.44407958984374
299.94407958984374,301.6440795898438,300.04407958984376,299.74407958984375,298.8440795898438,298.44407958984374,298.94407958984374,298.74407958984375,299.1440795898438,298.04407958984376,297.44407958984374,298.24407958984375,297.8440795898438,297.44407958984374,297.3440795898438,295.6440795898438,296.54407958984376,298.44407958984374,298.04407958984376,298.3440795898438,299.8440795898438,299.6440795898438,299.74407958984375,299.6440795898438,299.6440795898438,299.54407958984376,299.54407958984376,299.24407958984375,299.3440795898438,299.24407958984375,299.04407958984376,299.04407958984376,298.54407958984376,298.44407958984374,298.3440795898438,298.1440795898438,297.74407958984375,297.3440795898438,297.6440795898438,297.04407958984376,296.8440795898438,296.6440795898438,296.44407958984374
299.94407958984374,301.94407958984374,301.04407958984376,301.24407958984375,300.1440795898438,297.8440795898438,299.8440795898438,298.74407958984375,297.6440795898438,298.8440795898438,299.1440795898438,298.04407958984376,297.24407958984375,296.94407958984374,297.8440795898438,297.1440795898438,299.1440795898438,299.94407958984374,296.3440795898438,297.94407958984374,297.3440795898438,299.6440795898438,299.44407958984374,299.44407958984374,299.74407958984375,299.54407958984376,299.6440795898438,299.1440795898438,299.44407958984374,299.04407958984376,298.94407958984374,298.8440795898438,298.6440795898438,298.3440795898438,298.1440795898438,297.94407958984374,297.8440795898438,298.04407958984376,297.74407958984375,297.44407958984374,297.6440795898438,297.1440795898438,296.8440795898438
300.3440795898438,300.6440795898438,299.54407958984376,301.24407958984375,300.54407958984376,298.3440795898438,300.8440795898438,298.74407958984375,298.8440795898438,298.44407958984374,301.44407958984374,301.04407958984376,296.04407958984376,296.8440795898438,297.6440795898438,299.94407958984374,301.1440795898438,300.6440795898438,299.1440795898438,299.24407958984375,296.74407958984375,299.54407958984376,297.94407958984374,297.6440795898438,299.54407958984376,299.74407958984375,299.3440795898438,299.44407958984374,299.44407958984374,299.3440795898438,299.04407958984376,298.6440795898438,298.44407958984374,298.54407958984376,298.44407958984374,298.04407958984376,297.94407958984374,297.74407958984375,297.3440795898438,297.3440795898438,297.44407958984374,297.24407958984375,297.1440795898438
300.1440795898438,299.6440795898438,298.74407958984375,297.6440795898438,297.94407958984374,297.8440795898438,297.94407958984374,300.54407958984376,300.04407958984376,298.44407958984374,301.44407958984374,300.6440795898438,299.1440795898438,303.24407958984375,299.6440795898438,298.1440795898438,299.8440795898438,304.1440795898438,296.6440795898438,298.3440795898438,302.1440795898438,300.04407958984376,297.74407958984375,294.44407958984374,298.6440795898438,299.8440795898438,299.3440795898438,299.3440795898438,299.24407958984375,299.24407958984375,299.1440795898438,298.8440795898438,298.6440795898438,298.3440795898438,298.3440795898438,298.3440795898438,297.8440795898438,297.6440795898438,297.44407958984374,297.54407958984376,297.44407958984374,297.3440795898438,297.3440795898438
299.3440795898438,299.04407958984376,297.8440795898438,297.54407958984376,297.24407958984375,297.74407958984375,298.1440795898438,297.8440795898438,298.6440795898438,298.6440795898438,302.04407958984376,300.74407958984375,298.94407958984374,299.04407958984376,301.1440795898438,298.74407958984375,300.94407958984374,299.54407958984376,297.04407958984376,296.6440795898438,298.1440795898438,298.24407958984375,295.1440795898438,291.44407958984374,293.8440795898438,299.74407958984375,299.54407958984376,299.44407958984374,299.04407958984376,298.94407958984374,298.94407958984374,298.8440795898438,298.94407958984374,298.74407958984375,298.3440795898438,298.24407958984375,297.8440795898438,297.54407958984376,297.54407958984376,297.54407958984376,297.3440795898438,297.24407958984375,297.24407958984375
298.24407958984375,298.3440795898438,296.54407958984376,296.6440795898438,296.74407958984375,297.44407958984374,296.8440795898438,297.1440795898438,296.74407958984375,298.6440795898438,299.74407958984375,300.1440795898438,300.3440795898438,300.6440795898438,300.8440795898438,297.24407958984375,297.6440795898438,298.6440795898438,297.6440795898438,298.24407958984375,296.04407958984376,293.04407958984376,292.1440795898438,291.04407958984376,295.6440795898438,299.6440795898438,299.3440795898438,299.1440795898438,299.04407958984376,299.44407958984374,298.94407958984374,298.8440795898438,298.94407958984374,298.74407958984375,298.54407958984376,298.3440795898438,298.1440795898438,297.74407958984375,297.6440795898438,297.54407958984376,297.54407958984376,297.44407958984374,297.54407958984376
297.94407958984374,298.24407958984375,297.6440795898438,296.24407958984375,295.44407958984374,296.94407958984374,296.94407958984374,297.8440795898438,297.3440795898438,298.24407958984375,299.74407958984375,299.8440795898438,299.1440795898438,298.24407958984375,297.54407958984376,298.3440795898438,296.3440795898438,299.3440795898438,297.44407958984374,296.94407958984374,295.24407958984375,291.94407958984374,290.74407958984375,291.54407958984376,298.8440795898438,299.24407958984375,299.3440795898438,298.8440795898438,299.24407958984375,298.8440795898438,298.6440795898438,298.44407958984374,298.24407958984375,297.94407958984374,298.24407958984375,298.44407958984374,297.94407958984374,297.3440795898438,297.3440795898438,297.3440795898438,297.1440795898438,296.94407958984374,296.8440795898438
