temp.json
{"header": { "parameterCategory": 0, "parameterNumber": 0, "nx": 82, "ny": 67, "lo1": -175500.0, "la1": -580500.0, "lo2": 418500.0, "la2": 148500.0, "dx": 7333.333333333333, "dy": 11045.454545454546, "refTime": "2025-06-30T12:00:00Z", "surface1Type": 1, "surface1Value": 2, "forecastTime": 0, "scanMode": 0 }, "data":
[rows 0 to 19 of 67, columns 0 to 43 of 82]
299.07843017578125,299.1309509277344,299.18426513671875,299.2384033203125,299.2932434082031,299.3486328125,299.4044189453125,299.46044921875,299.5165710449219,299.5725402832031,299.6277160644531,299.6815185546875,299.7342529296875,299.7864990234375,299.8388671875,299.891845703125,299.9460144042969,300.0019226074219,300.0601806640625,300.1213684082031,300.1868896484375,300.2612609863281,300.3427429199219,300.4286193847656,300.5162353515625,300.6027526855469,300.6855773925781,300.76190185546875,300.82904052734375,300.8843078613281,300.92510986328125,300.9541320800781,300.9739685058594,300.98541259765625,300.98931884765625,300.9863586425781,300.9774169921875,300.96331787109375,300.94482421875,300.92279052734375,300.8980712890625,300.87091064453125,300.84063720703125,300.8066101074219
299.85980224609375,299.9097595214844,299.96148681640625,300.0157775878906,300.0735778808594,300.13641357421875,300.2081298828125,300.286865234375,300.3699645996094,300.454833984375,300.53875732421875,300.6189880371094,300.69287109375,300.75775146484375,300.8108825683594,300.8498229980469,300.87750244140625,300.89630126953125,300.906982421875,300.91021728515625,300.90667724609375,300.8970031738281,300.8819885253906,300.86224365234375,300.83856201171875,300.8116760253906,300.7818908691406,300.7486572265625,300.7114562988281,300.66973876953125,300.62310791015625,300.5708923339844,300.51263427734375,300.4478759765625,300.3761291503906,300.29681396484375,300.2137451171875,300.1378479003906,300.0655212402344,299.9916076660156,299.9107666015625,299.81768798828125,299.706787109375,299.5722351074219
300.7633056640625,300.78997802734375,300.8085021972656,300.8194274902344,300.8232421875,300.8204040527344,300.81146240234375,300.79693603515625,300.7773742675781,300.75335693359375,300.72552490234375,300.69415283203125,300.6591491699219,300.6197509765625,300.5756530761719,300.526123046875,300.47076416015625,300.40899658203125,300.34039306640625,300.26434326171875,300.180419921875,300.09197998046875,300.0082702636719,299.9259948730469,299.84075927734375,299.7481994628906,299.6438903808594,299.5230407714844,299.38079833984375,299.2122497558594,299.01214599609375,298.7685241699219,298.4305419921875,298.0104064941406,297.5351257324219,297.0325622558594,296.5303649902344,298.8156433105469,298.8866882324219,298.96112060546875,299.03765869140625,299.1152648925781,299.19287109375,299.2691955566406
300.4368896484375,300.3797912597656,300.31585693359375,300.24468994140625,300.1656799316406,300.0784606933594,299.98614501953125,299.8961486816406,299.8056640625,299.7110900878906,299.6087646484375,299.4951171875,299.3660583496094,299.2176513671875,299.04571533203125,298.8458251953125,298.6059265136719,298.279296875,297.87908935546875,297.4302673339844,296.95831298828125,296.48895263671875,298.7259216308594,298.8001708984375,298.87847900390625,298.95947265625,299.041748046875,299.1239929199219,299.204833984375,299.28277587890625,299.3564453125,299.4244689941406,299.4857482910156,299.5412292480469,299.592041015625,299.6393737792969,299.6842956542969,299.7278747558594,299.7712097167969,299.81549072265625,299.8617248535156,299.9110412597656,299.9649353027344,300.0249938964844
298.71685791015625,298.4805908203125,298.16436767578125,297.78228759765625,297.3575134277344,296.9130859375,296.47308349609375,298.63299560546875,298.70892333984375,298.7897644042969,298.87396240234375,298.9599914550781,299.0462341308594,299.1310119628906,299.21270751953125,299.2896423339844,299.3602294921875,299.4234924316406,299.4811706542969,299.5343017578125,299.5837707519531,299.630615234375,299.6756896972656,299.7198791503906,299.7641296386719,299.8094177246094,299.8566589355469,299.90679931640625,299.96075439453125,300.017333984375,300.0753173828125,300.1335144042969,300.1906433105469,300.2453918457031,300.2965087890625,300.3427429199219,300.382568359375,300.4148864746094,300.4427795410156,300.4671936035156,300.4876403808594,300.5035095214844,300.5143737792969,300.51971435546875
299.2188415527344,299.2926025390625,299.35858154296875,299.4195556640625,299.4764099121094,299.52972412109375,299.58013916015625,299.6282653808594,299.6747131347656,299.72003173828125,299.764892578125,299.8099060058594,299.8554992675781,299.9012756347656,299.94677734375,299.99176025390625,300.0357971191406,300.0785827636719,300.1197509765625,300.158935546875,300.19580078125,300.2296447753906,300.26025390625,300.2904357910156,300.3203430175781,300.34869384765625,300.37432861328125,300.3960876464844,300.4128723144531,300.4236145019531,300.42718505859375,300.42279052734375,300.40948486328125,300.3892822265625,300.3639221191406,300.3328857421875,300.29547119140625,300.25128173828125,300.19970703125,300.14031982421875,300.072509765625,299.9957275390625,299.9095153808594,299.8165588378906
299.9055480957031,299.9324951171875,299.95794677734375,299.98272705078125,300.007568359375,300.0330810546875,300.0599365234375,300.0887451171875,300.1221008300781,300.158935546875,300.19744873046875,300.2354431152344,300.27105712890625,300.30242919921875,300.32757568359375,300.3448486328125,300.3525085449219,300.348876953125,300.3370666503906,300.319580078125,300.2957763671875,300.2652893066406,300.2275085449219,300.1819763183594,300.1281433105469,300.0655822753906,299.9936828613281,299.9120178222656,299.8232727050781,299.7309875488281,299.6332702636719,299.5281066894531,299.41357421875,299.2875671386719,299.1479797363281,298.9927062988281,298.8194580078125,298.6261901855469,298.3987121582031,298.10650634765625,297.7644958496094,297.39105224609375,297.0048522949219,296.6253967285156
300.2633361816406,300.2850036621094,300.2928466796875,300.29107666015625,300.28302001953125,300.26824951171875,300.2462158203125,300.21649169921875,300.1786193847656,300.1321105957031,300.07647705078125,300.01123046875,299.9359130859375,299.85321044921875,299.76611328125,299.6728210449219,299.57147216796875,299.46026611328125,299.33746337890625,299.2010498046875,299.04913330078125,298.8797912597656,298.6910095214844,298.4685363769531,298.1858215332031,297.8572998046875,297.50006103515625,297.13128662109375,296.7686767578125,298.230712890625,298.306884765625,298.39337158203125,298.4876403808594,298.5869445800781,298.68865966796875,298.7900085449219,298.8883361816406,298.9808654785156,299.0647888183594,299.1402587890625,299.214599609375,299.2874450683594,299.3580322265625,299.42547607421875
299.73175048828125,299.6362609863281,299.5305480957031,299.4129333496094,299.28167724609375,299.1349182128906,298.9710693359375,298.7880554199219,298.5716857910156,298.299560546875,297.9855651855469,297.64495849609375,297.29345703125,296.9471435546875,298.131103515625,298.2054443359375,298.29156494140625,298.3865661621094,298.48748779296875,298.591552734375,298.6956787109375,298.7969665527344,298.8924865722656,298.97918701171875,299.05743408203125,299.1361083984375,299.21466064453125,299.29156494140625,299.3653564453125,299.43463134765625,299.497802734375,299.55340576171875,299.5998840332031,299.6357727050781,299.6583251953125,299.6610107421875,299.6470031738281,299.62115478515625,299.5882568359375,299.5531311035156,299.52056884765625,299.49530029296875,299.48187255859375,299.4849853515625
298.1070861816406,298.1917724609375,298.28643798828125,298.3878479003906,298.4930114746094,298.59869384765625,298.701904296875,298.7994079589844,298.88800048828125,298.9683837890625,299.0509033203125,299.13458251953125,299.2174072265625,299.2972717285156,299.37213134765625,299.43988037109375,299.4984130859375,299.54559326171875,299.5793151855469,299.59600830078125,299.587646484375,299.558349609375,299.514404296875,299.4618225097656,299.40679931640625,299.35540771484375,299.313720703125,299.2877197265625,299.28338623046875,299.3062744140625,299.35662841796875,299.4289245605469,299.5174560546875,299.61651611328125,299.72052001953125,299.82379150390625,299.9208679199219,300.00628662109375,300.0745849609375,300.12091064453125,300.15399169921875,300.1793518066406,300.19659423828125,300.20538330078125
299.3706970214844,299.4317932128906,299.47955322265625,299.5112609863281,299.52252197265625,299.50390625,299.4606628417969,299.40008544921875,299.3294677734375,299.25628662109375,299.1877746582031,299.13116455078125,299.09375,299.0826416015625,299.1047058105469,299.15936279296875,299.2401428222656,299.34051513671875,299.4539794921875,299.57403564453125,299.6943359375,299.8084411621094,299.91009521484375,299.9930419921875,300.0516357421875,300.0962219238281,300.1326904296875,300.1607666015625,300.18017578125,300.19061279296875,300.1919860839844,300.183837890625,300.1659240722656,300.1380615234375,300.09979248046875,300.0541076660156,300.002197265625,299.9423828125,299.87322998046875,299.7930908203125,299.7004699707031,299.59375,299.4714050292969,299.33172607421875
298.9665222167969,299.05474853515625,299.1653137207031,299.29132080078125,299.4253234863281,299.5604553222656,299.689453125,299.8053894042969,299.9012451171875,299.97088623046875,300.0260009765625,300.07275390625,300.1109924316406,300.14044189453125,300.1609191894531,300.1722106933594,300.1741027832031,300.16632080078125,300.148681640625,300.1209716796875,300.0860900878906,300.0448913574219,299.995849609375,299.93731689453125,299.8677062988281,299.78558349609375,299.68927001953125,299.5772399902344,299.44793701171875,299.29974365234375,299.12005615234375,298.90142822265625,298.65301513671875,298.3840637207031,298.10455322265625,297.8243408203125,297.78887939453125,297.84747314453125,297.9208679199219,298.0057067871094,298.09893798828125,298.1972351074219,298.2974548339844,298.3963623046875
300.1310729980469,300.14239501953125,300.1443176269531,300.13665771484375,300.1192932128906,300.09515380859375,300.0647888183594,300.026611328125,299.97906494140625,299.92059326171875,299.8495788574219,299.764404296875,299.6635437011719,299.54547119140625,299.408447265625,299.24102783203125,299.0385437011719,298.80865478515625,298.55950927734375,298.2991943359375,298.03656005859375,297.7261962890625,297.778564453125,297.8453369140625,297.92352294921875,298.00994873046875,298.1015930175781,298.19549560546875,298.2886047363281,298.3779296875,298.46051025390625,298.53753662109375,298.6228332519531,298.71441650390625,298.80841064453125,298.90093994140625,298.988037109375,299.0658874511719,299.130615234375,299.17816162109375,299.20477294921875,299.2042541503906,299.16522216796875,299.0946350097656
299.3355712890625,299.1502685546875,298.93988037109375,298.71124267578125,298.47119140625,298.2271423339844,297.6761169433594,297.72137451171875,297.7801208496094,297.84942626953125,297.92669677734375,298.0090026855469,298.0937805175781,298.1783752441406,298.260009765625,298.3361511230469,298.4080505371094,298.4892578125,298.57763671875,298.66912841796875,298.7598571777344,298.8455505371094,298.9222106933594,298.9858703613281,299.0323486328125,299.0575866699219,299.05548095703125,299.01470947265625,298.9422607421875,298.847900390625,298.74127197265625,298.6319885253906,298.5296630859375,298.4441223144531,298.3849182128906,298.3616943359375,298.383544921875,298.4481201171875,298.54705810546875,298.6723937988281,298.8163146972656,298.9708251953125,299.1280212402344,299.27978515625
298.1976623535156,298.2614440917969,298.3352966308594,298.41717529296875,298.5028381347656,298.58843994140625,298.66986083984375,298.74298095703125,298.8039855957031,298.84844970703125,298.8726806640625,298.87042236328125,298.8312072753906,298.7620544433594,298.67193603515625,298.5703430175781,298.46630859375,298.3692321777344,298.288330078125,298.23297119140625,298.21240234375,298.2353515625,298.29937744140625,298.39666748046875,298.51959228515625,298.66064453125,298.8121337890625,298.9664611816406,299.11602783203125,299.2530822753906,299.3698425292969,299.460205078125,299.53790283203125,299.6082763671875,299.6711730957031,299.7265930175781,299.7746276855469,299.81500244140625,299.8477783203125,299.8728942871094,299.8902282714844,299.8997802734375,299.9043884277344,299.9039001464844
298.372802734375,298.2808532714844,298.1953430175781,298.1247863769531,298.0776062011719,298.06231689453125,298.0868225097656,298.14910888671875,298.2419738769531,298.3584289550781,298.49169921875,298.63482666015625,298.78076171875,298.9224548339844,299.05279541015625,299.16461181640625,299.25244140625,299.328857421875,299.3984375,299.4613952636719,299.5177001953125,299.56756591796875,299.61090087890625,299.6478576660156,299.6783447265625,299.7024230957031,299.7200927734375,299.73406982421875,299.7439880371094,299.7479553222656,299.7445068359375,299.7318115234375,299.70831298828125,299.6723327636719,299.6222839355469,299.556640625,299.47344970703125,299.36798095703125,299.2406005859375,299.0945739746094,298.93341064453125,298.760498046875,298.5796203613281,297.62432861328125
298.9268798828125,299.0090026855469,299.08123779296875,299.14727783203125,299.2074279785156,299.2619934082031,299.31121826171875,299.3553466796875,299.3945617675781,299.4289855957031,299.4587707519531,299.4842529296875,299.5079345703125,299.5290832519531,299.5457763671875,299.5561218261719,299.5582580566406,299.5503845214844,299.5307312011719,299.4974365234375,299.44879150390625,299.3829650878906,299.296875,299.19158935546875,299.0694274902344,298.93292236328125,298.78472900390625,298.62774658203125,297.6365051269531,297.6341552734375,297.6317138671875,297.62957763671875,297.6282958984375,297.6284484863281,297.63079833984375,297.63616943359375,297.6455078125,297.6596984863281,297.68096923828125,297.71453857421875,297.75811767578125,297.8083190917969,297.8620910644531,297.9160461425781
299.3271179199219,299.3455810546875,299.3550109863281,299.35345458984375,299.3387756347656,299.30902099609375,299.26239013671875,299.1976013183594,299.11590576171875,299.01904296875,298.90863037109375,298.78680419921875,298.6555480957031,297.658447265625,297.64031982421875,297.6169738769531,297.5899658203125,297.5610656738281,297.5322265625,297.50537109375,297.48260498046875,297.4662780761719,297.45843505859375,297.4618225097656,297.4781494140625,297.50518798828125,297.5398864746094,297.57952880859375,297.6212158203125,297.6621398925781,297.69940185546875,297.7301940917969,297.7515869140625,297.760498046875,297.7549743652344,297.73834228515625,297.71429443359375,297.6865539550781,297.658935546875,297.63507080078125,297.61895751953125,297.6143798828125,297.62542724609375,297.65594482421875
297.6080322265625,297.5552673339844,297.49774169921875,297.43878173828125,297.381591796875,297.3296813964844,297.2864990234375,297.2557678222656,297.240478515625,297.239013671875,297.2486572265625,297.26708984375,297.2918701171875,297.32073974609375,297.3511962890625,297.3809814453125,297.4075927734375,297.42864990234375,297.442138671875,297.4489440917969,297.45123291015625,297.45062255859375,297.44903564453125,297.4482116699219,297.4500732421875,297.4563903808594,297.46929931640625,297.49078369140625,297.52325439453125,297.5675964355469,297.6219787597656,297.684326171875,297.7525329589844,297.82440185546875,297.8975524902344,297.9696350097656,298.03814697265625,298.100341796875,298.15399169921875,298.20208740234375,298.2462158203125,298.2873229980469,298.326416015625,298.36444091796875
297.06646728515625,297.0889892578125,297.10992431640625,297.128173828125,297.1477966308594,297.1694641113281,297.1929931640625,297.21820068359375,297.2449645996094,297.2729797363281,297.3023376464844,297.33294677734375,297.364990234375,297.39898681640625,297.43707275390625,297.4788818359375,297.52386474609375,297.5713195800781,297.62042236328125,297.6703796386719,297.72021484375,297.768798828125,297.81500244140625,297.8573303222656,297.89556884765625,297.93072509765625,297.9639892578125,297.99652099609375,298.0294494628906,298.0638427734375,298.10076904296875,298.1412353515625,298.18621826171875,298.2372131347656,298.29693603515625,298.3631591796875,298.43304443359375,298.50341796875,298.5715637207031,298.634521484375,298.68939208984375,298.73333740234375,298.76361083984375,298.77825927734375
