wind.json
{"header": { "parameterCategory": 2, "parameterNumber": 3, "nx": 82, "ny": 67, "lo1": -175500.0, "la1": -580500.0, "lo2": 418500.0, "la2": 148500.0, "dx": 7333.333333333333, "dy": 11045.454545454546, "refTime": "2025-06-30T12:00:00Z", "surface1Type": 100, "surface1Value": 100000.0, "forecastTime": 0, "scanMode": 0 }, "data":
[rows 38 to 56 of 67, columns 0 to 43 of 82]
0.27937507917897497,0.3587618453896359,0.4400095495917744,0.4965023258593842,0.533397246976461,0.4369388728131692,0.27769656230795214,0.07744916319105576,-0.10297230478074944,-0.1960930619140887,-0.12078816292528828,-0.07574730637606034,0.14136299733069413,0.730913859947201,0.48899940698583483,0.6550766689035558,1.0348440789736733,1.3682291917414955,2.416653290676843,3.8877950941361528,5.045478199530833,5.338555465388891,5.300088487292109,5.945397022754431,6.486110394619149,7.219456111141832,7.411782348637503,7.486776563867085,7.460449956023241,7.353637095105815,7.188122056146345,6.986360838208479,6.771644206928477,9.124014074124075,9.115272397042958,9.05162174122674,8.94177251078252,8.795309728597887,8.622059885424603,8.432181023413975,8.23599010943472,8.043828793746403,7.866441541908031,7.712781757541572
0.7640591304694139,0.612474708601465,1.0979636007053255,2.2045690831943605,3.615548701280818,4.739030832085679,5.875687599128029,5.0579705249132445,5.696715949381835,6.2511276352431695,6.950957468343602,7.162039971679776,7.26507105526213,7.273338968523349,7.204930337854176,7.078804949423428,6.914906898704011,6.734116514303763,9.226008040083155,9.220465671248617,9.152257224949523,9.031486749122946,8.869534098746296,8.678090218332033,8.469050543927429,8.254417100165824,8.046284898668125,7.857151296868719,7.697787941473412,7.572024142198463,7.477814224244729,7.400617762001672,7.326220781567371,7.240301360624195,7.12874755010022,6.977249576211145,6.771712153420217,6.498075387562591,6.091467026908669,5.555890927582546,4.980149576633777,4.30266824671188,4.083317620300042,4.5142446621371635
6.956521409181003,6.833796643971932,6.689729963373632,9.314594141394865,9.31157433037536,9.238730130950964,9.10752732227031,8.930929607065597,8.72230450151103,8.495069429019265,8.262829931386063,8.039297419635844,7.8384396125981795,7.672633304949389,7.544247717302373,7.450133167740717,7.375161093466235,7.3045927069299355,7.223695096902271,7.1178551755663335,6.9724997782486415,6.772991273977338,6.504652523807984,6.124619085856032,5.747291793092657,5.361719823200866,4.603624474894391,4.514206844896414,4.488169442621244,3.7837135513414153,2.0893837131691266,2.07283902851451,2.395603801534216,1.8725752023203024,1.0608306866805848,0.5415437793148749,0.3201424173751567,0.5331205812409526,0.7022704732558684,1.0506397000574785,0.9002468453552004,0.8336505095552351,0.6397105711448496,0.420920610011776
7.405973442182904,7.3294770750306455,7.258553957141646,7.178416092597141,7.074328898352726,6.931736271011787,6.735749769992354,6.4718062084571795,6.095623132550294,5.830030591535123,5.594298793692659,4.905323601931142,4.6019771041443445,4.188739260493034,3.593217392796108,1.8760239551153488,1.5928388230185777,1.565772854896677,1.1543537416114147,1.042098123121688,1.152022135181198,0.6184272332852485,0.6310439601405163,0.5267570371828199,0.8925418985135093,0.7773957779095128,0.8128194911001195,0.7092004290004649,0.5309408338794408,0.6453552663426249,0.4339349301740837,0.03625604038921894,-0.26390932883383506,-0.46949918254950973,-0.3830945498635074,-0.2453044558849629,-0.3384164918246429,-0.2941015737243671,0.01461516409706741,0.08396004139720256,0.9406881910518635,2.8034887167293983,3.788884860929219,4.769083677411003
1.7512627112074397,1.2501736245826929,1.0735556128817192,0.7323995936676706,0.9039854030167408,1.5632387879654137,1.0579331233375686,0.5779831767302385,0.6194304886694231,0.8527930459447396,0.641673557236978,0.7225102371007401,0.6961174417815041,0.5792580869475168,0.6876082391852549,0.5272095869407099,0.3616080447229288,-0.3037941306004141,-0.4880750995339051,-0.40679613748614357,-0.43363674797538115,-0.38383564683543137,-0.4278221004752791,-0.1320232113003161,0.06804673527732177,0.5424342671019243,2.5840789517529488,3.5195536628607815,4.4509795748241645,4.020399637721652,4.634141021636255,5.267030789846452,5.760956033421655,6.049217171857851,6.271028878177762,6.428674068459653,6.527438995566501,6.573797560501622,6.575392952950564,6.541149234196012,9.458616985855942,9.454894301885304,9.368229379228504,9.211695016843352
0.19651804198254977,0.5635059007058886,-0.1204336355664423,-0.4667306294780343,-0.4981151741279574,-0.5696667702076466,-0.4266116395996581,-0.40480345448320754,-0.22630672951286362,0.2199934354849268,0.8865482931775195,2.4188630150974735,3.303076661200154,4.1833173070189895,4.412477850369632,4.422159391266532,5.068560664338687,5.5063233991342,5.808463004045684,6.053706253346222,6.242186896534385,6.376272524466505,6.459478085371161,6.496545403638215,6.493368290354779,9.455962372018645,9.447388975804285,9.355292735533185,9.192403782131615,8.975045294922088,8.719498101213379,8.441902873446626,8.15872785738907,7.886418765932321,7.641306914897594,7.437909614538604,7.2657486232261705,7.124157119973419,6.9999135515587785,6.8805829257655455,6.753998988423217,6.608347146326323,6.432235219786252,6.2177210495645
4.259607240200953,4.910754919962826,5.29765821551759,5.608797535873768,5.871523212000614,6.0844043879182905,6.2471332613241195,6.360633950127093,6.427031831052802,6.449446252417169,9.429820449348064,9.41235198865745,9.31265136644942,9.142997138491438,8.919236012242246,8.657067082835518,8.372248262724984,8.080692613867377,7.798305990758329,7.54084090710935,7.321555788369444,7.119779161119392,6.941977042826993,6.777062115223213,6.614757840315213,6.4452925849331475,6.259346228180623,6.048248568712066,5.805012089131793,5.543758796974312,5.222830017398725,4.707987066811187,4.041025831252289,3.5129384644890904,2.9930384192522035,2.4974952067777227,2.024518558618125,1.6190392747460565,1.4808179659783733,1.1512039685362134,0.8625505317139429,1.102323513127982,1.3095161703597218,0.9417939105185673
8.568033029712716,8.27713114592965,7.9779290836535175,7.685569161535206,7.414724038850188,7.177022523595681,6.939557429347499,6.717722392443802,6.503288286934312,6.288725435943688,6.067274302488631,5.832890497710888,5.579955459935129,5.303514736516401,5.019068330061903,4.743681835558932,4.270019961820381,3.7002073036009633,3.262718410714158,2.8127517950369993,2.367190200569586,1.9434774844500669,1.583667378540291,1.606695705217132,1.3872450662473297,1.1677976429577202,1.5987993452085658,1.6439900312003022,0.7684267734924466,0.92317489482431,0.8796939584565335,0.8367951691046004,0.8311932125208654,1.169763124576246,1.1827022579504245,0.8850041465435691,0.5724884074912654,0.3413772266264459,0.16089772851107356,0.07593586267613922,0.32830568067997273,0.815418654164208,1.0268767524778915,0.6968072288183618
4.172111003853732,3.782223335621,3.384663238302577,2.996261893795846,2.6012313981813358,2.2131770318139705,1.8461018958671536,1.5143097392274145,1.7542468372375524,1.7436233132756191,1.5524616909032363,1.7986992308312366,1.8185234956302683,0.8876223498539437,0.9788510103333712,0.946834497244531,0.9047237195401526,0.8865563162499644,1.215084025601564,1.400932533956373,1.4803818501980186,0.7777650580723436,0.5446660840753258,0.39034552650832516,0.2721614724697921,0.5072016096394556,0.763816389889146,1.1387241553515075,0.8448970636375063,0.13941739853077414,0.1482175529270454,0.6456618573097304,1.8244563186609049,2.407911245948997,3.025048163689797,3.675645500025773,3.530236495531307,3.959402346810083,4.506904662376852,4.836228943893688,5.158218764535154,5.4570885090625,5.724445526191899,5.9527362339674985
0.9683936272969321,0.9468457073733055,0.9577648163151459,1.0620884060458287,1.3435774298225838,1.9376107673742453,1.3815081900456276,1.0785690620305832,0.9228128167538725,0.7746140270420325,0.7394286404090253,0.6849724988249921,1.274227994715136,0.6698685724897467,0.5508423975503154,1.0050183898967853,1.5016106659057407,2.0088632623866096,2.508820917325464,3.038353608050243,3.3500916942675367,3.4990870366960256,3.883596875888987,4.3760061611220715,4.693994127807553,5.0162834969056584,5.324695642852423,5.608354828736736,5.857192514823191,6.06688173489844,6.213799642733705,6.307259096229823,9.138032059480608,9.053588780542787,8.90811241136323,8.708751381412748,8.46557927937134,8.188484377163642,7.887610609652895,7.573215244875859,7.255404610879207,6.944729988298978,6.647260205400545,6.286222469468779
1.4891048484673841,1.8493586361763292,2.2209376087983594,2.631327260333013,3.0693143070462465,3.086935519700261,3.478786812505331,3.81653446914531,4.252162553916374,4.557765168414896,4.8790081518281525,5.195747956442158,5.494313063972353,5.762217798377493,5.996694619292509,6.272526182857792,6.55100532819405,9.030713573527287,8.926165210138606,8.768435293676523,8.562908203095509,8.317602071622186,8.040603780425831,7.7394066340425045,7.4229118065241195,7.0992615383064965,6.7770669898154585,6.460893599106777,6.0571613204067765,5.6401284165518515,5.204744986571869,4.736823252154249,4.312076311634883,3.961589315758635,3.6378988111394412,3.331963245494861,3.049812567072452,2.7942504763276665,2.549511378761045,2.3146134784564873,2.0916014632854,1.8823976842060486,1.689105307564587,1.513687046326782
6.564331580177129,7.408977296282768,8.914635957091237,8.790513239521676,8.621455763094662,8.411016904827163,8.1651296847638,7.889924165639649,7.5930961164055075,7.2821327324504965,6.950666214069761,6.614181788511421,6.280532320524987,5.8355554889424734,5.399052245731165,4.966907565382981,4.445247603534832,3.9499196097055704,3.5786358619861285,3.226007740707022,2.90135974163233,2.613928479560106,2.369831191908904,2.154710062216423,1.964159712889162,1.796175544752125,1.6488123874066307,1.520155928145323,1.4083558360502169,1.31161652252128,1.4348085060953497,1.8661840468237032,1.2042704266365554,1.0734146640024718,1.3889960003336834,1.9716055112832254,2.014165636703339,1.623752586271527,1.3163301207189915,1.3450808188092565,1.2668421173385613,1.3180428735516283,1.5234429563727925,2.2298635870578583
4.7649307308883175,4.280857265122552,3.6824070871230683,3.2236573211999975,2.8440286939424073,2.501917132851839,2.20958542325191,1.976522684625915,1.7894105807813259,1.6405982782745625,1.5243678970164383,1.435122745845502,1.3671890331801329,1.315028121324579,1.2733886838637611,1.8486296620867484,2.4270088917267882,1.59131863811946,1.5943568637184653,2.275714937735692,2.0213363778503792,1.584647800199288,1.3122652671344057,1.2271944909426393,1.2764552040996553,1.3295600017807918,1.4806126795517376,1.7127659784628484,2.348292551444954,3.267257115991133,3.1520151792282878,2.9113436489496847,2.6543891062195066,1.7323760144448588,1.7236278658382145,2.279306306933301,2.526154426909103,2.6459227006621746,2.768456353938674,2.8196131115202534,2.892343667229702,3.0729598495865997,3.2634836961506473,3.4612670420830547
1.997326372930071,2.459963637795638,1.9669340792517898,2.239525041034365,2.8353771440803075,2.3207855058569136,1.296371879023612,1.2431447805949687,1.2870636522914025,1.4177934363048734,1.521537842496681,1.649147630936427,1.9451695074646382,2.5003259120610415,3.4741993937626807,3.4935353796173145,3.2258859593857467,2.4671594317386165,2.02294064625842,2.4849141392161758,2.77934438370038,2.772317371337905,2.868052872300061,2.959450176143857,2.9557517528494213,3.0649698350455505,3.184777662944469,3.317388867192731,3.464442256719893,3.6340616722565153,3.854419898375034,4.11278623644235,4.421467525486187,4.756636614768045,5.096305862240382,5.418919084283567,5.709970236499765,6.013482998951839,6.289074405333816,8.535861519298724,8.366745056603257,8.176220865161161,7.963304794706286,7.727526557532684
3.5938038545574567,2.937447485030606,2.25292321200732,2.489805508893349,2.8885521550183615,3.0151456815699564,2.975763780649825,3.045979444734194,3.1048115447723736,3.159627482452489,3.2173965432181357,3.2845994497556275,3.367110620194477,3.4696971137533543,3.6054482717796814,3.7887921840688126,4.036529633024859,4.3402117138402305,4.675446034987178,5.019017565247396,5.347728027321731,5.642096253088376,5.869967949662133,6.02024376508036,8.40594475167279,8.23005681299424,8.039231839186689,7.831314587400916,7.6039685364333565,7.355597033980281,7.177164063238146,7.017812259788427,6.598553952545618,6.240102068714638,6.019121044725646,5.660428199666834,5.609500045778546,6.284464321777907,5.533489215543704,4.393460409477216,2.9718074446754974,2.4841250475857573,1.8490124016231326,1.3684614438423133
3.7400946847664267,3.9780815367961986,4.276009768449688,4.6090155201281595,4.953022891153395,5.283808773789202,5.577693425866868,5.811303064707945,5.961685268157385,8.276168076598713,8.09946041495606,7.913599341547621,7.715353379429538,7.500907481055026,7.266807149604693,7.069503920976676,7.084499487302228,6.930039743746095,6.697531778382934,6.736098802775019,6.38981508106093,5.886350528292339,6.387259321510503,5.508434627617363,4.856413433433772,4.292436849440419,4.144490601597744,3.1213529352019784,2.2883721512463935,1.966355083537078,1.6497194003104605,1.128269655207688,0.9224339665452039,1.7843087998840588,3.0909222571127626,2.275163428064616,1.3145589259313593,1.3379578176591438,1.5029000433527067,1.5813051693190283,1.5929385196411336,2.7174775401111297,4.0607532683627605,3.78969201906145
6.9935460072439275,7.132236191409775,7.244550032647002,7.376193943004379,7.246611657673139,7.053739523159663,6.235597253347832,6.036267186545965,5.884911964241838,6.197623516082027,6.3386475714025385,5.8598959880048245,4.821983069253215,4.322912539357594,3.7305918015995627,2.430992150544988,1.2939267631326157,0.9418599000069536,1.664462063405838,3.531608943987858,3.0104896833477053,1.5468059003067944,1.3869852799288511,1.4212975779771366,1.482599611160256,1.9114200236082899,2.5340823711767286,4.0285519680469335,3.910333456439255,2.6746854466276395,2.0280223052543804,2.1495606922269768,1.9930584985823965,2.312460149945626,2.7507985013370724,3.2354692902545175,4.208668472420362,3.11720128673108,2.5785310618543926,2.973327267970909,3.1618334486706208,3.3189625321634484,3.4825459457089596,3.547341828018332
3.340779813269021,1.5493050217613422,1.0259004476176823,1.1347491991943421,2.2522660183006695,2.3528697887255947,1.5847422243524207,1.4628256147381016,1.5022572825456424,1.568406348813492,1.9250582419573061,2.2059632542355905,3.375164581481554,3.753923062688979,3.3078955386551394,3.0939031227966627,3.060751580556819,2.776797531882515,3.037252707583916,3.272759111472495,3.665063336812216,4.0308426495029,3.097474254900931,2.8605912776304923,3.0005782834302406,3.1844337898888444,3.3387970139861665,3.494560221232181,3.5594270586378816,3.5816345897409962,3.572337586852577,3.544175600476682,3.509981757430029,3.482610104595457,3.474924487587335,3.499776881217486,3.5700798147065576,3.704265454789046,3.917099478229253,4.188170341320947,4.494649568167022,4.81349805571715,5.121352249684459,5.394590852239844
3.669237974571661,3.665684071598402,3.818703429202633,3.9883943541247024,3.9105359928806886,4.0213256240974795,3.6116686797259896,2.795995939801779,2.866699187765435,2.974007853258269,3.147990967179157,3.295398698337276,3.437389655569079,3.504633603862007,3.534806689872623,3.5373883895198737,3.5231388147042835,3.5031214663906436,3.4886122570848164,3.491096005363743,3.5222710026096133,3.594126586326477,3.7249717767592134,3.927742627061376,4.183287109099686,4.470861300930364,4.769107883429609,5.056348213936683,5.310577668060996,5.509344737652916,5.630021168696579,7.746764469602208,7.6191979850049005,7.508847874961104,7.4050308468013535,7.297898823468848,7.178900194184384,7.037866571600088,6.8664057268041745,6.72790002015302,8.103011016190818,8.07066818359625,8.391884921423468,8.199809698811523
