wind-20250725-1.0.json
{"header": { "parameterCategory": 2, "parameterNumber": 2, "nx": 360, "ny": 181, "lo1": 0.0, "la1": 90.0, "lo2": 359.0, "la2": -90.0, "dx": 1.0, "dy": 1.0, "refTime": "2025-07-25T00:00:00Z", "surface1Type": 100, "surface1Value": 100000.0, "forecastTime": 0, "scanMode": 0 }, "data":
[rows 100 to 119 of 181, columns 176 to 219 of 360]
-3.44150634765625,-4.0415063476562505,-4.35150634765625,-4.98150634765625,-3.91150634765625,-5.16150634765625,-5.84150634765625,-4.96150634765625,-4.22150634765625,-4.89150634765625,-5.78150634765625,-4.81150634765625,-4.70150634765625,-4.21150634765625,-5.0815063476562505,-4.36150634765625,-3.89150634765625,-3.36150634765625,-3.0515063476562503,-1.92150634765625,-1.74150634765625,-2.4915063476562502,-3.70150634765625,-3.92150634765625,-4.64150634765625,-5.15150634765625,-5.7915063476562505,-6.03150634765625,-5.80150634765625,-5.62150634765625,-5.96150634765625,-5.24150634765625,-5.62150634765625,-6.05150634765625,-6.66150634765625,-5.68150634765625,-5.09150634765625,-4.98150634765625,-5.95150634765625,-5.85150634765625,-5.95150634765625,-5.13150634765625,-4.10150634765625,-6.3315063476562505
-4.44150634765625,-4.01150634765625,-4.27150634765625,-4.18150634765625,-4.35150634765625,-4.46150634765625,-4.64150634765625,-4.92150634765625,-3.85150634765625,-5.43150634765625,-5.64150634765625,-4.5815063476562505,-5.0015063476562505,-4.31150634765625,-4.62150634765625,-4.17150634765625,-4.31150634765625,-2.7415063476562502,-2.03150634765625,-1.22150634765625,-0.00150634765625,-1.43150634765625,-2.86150634765625,-3.34150634765625,-4.39150634765625,-4.88150634765625,-4.95150634765625,-5.20150634765625,-5.40150634765625,-5.3315063476562505,-5.62150634765625,-5.53150634765625,-4.93150634765625,-5.52150634765625,-5.32150634765625,-4.96150634765625,-3.77150634765625,-4.52150634765625,-5.47150634765625,-5.40150634765625,-5.3315063476562505,-4.5015063476562505,-5.46150634765625,-6.5415063476562505
-6.0815063476562505,-5.67150634765625,-5.68150634765625,-5.3315063476562505,-5.27150634765625,-3.94150634765625,-3.84150634765625,-4.36150634765625,-4.20150634765625,-4.65150634765625,-3.42150634765625,-3.90150634765625,-3.19150634765625,-3.31150634765625,-3.0515063476562503,-2.68150634765625,-2.60150634765625,-2.30150634765625,-1.79150634765625,-0.61150634765625,-0.86150634765625,-0.13150634765625,-2.39150634765625,-2.90150634765625,-3.41150634765625,-4.87150634765625,-3.67150634765625,-4.21150634765625,-4.36150634765625,-4.06150634765625,-4.06150634765625,-4.13150634765625,-4.55150634765625,-4.53150634765625,-4.81150634765625,-3.77150634765625,-4.32150634765625,-5.85150634765625,-5.07150634765625,-5.06150634765625,-5.11150634765625,-4.49150634765625,-4.67150634765625,-6.121506347656251
-8.16150634765625,-8.24150634765625,-8.12150634765625,-7.64150634765625,-6.86150634765625,-7.06150634765625,-6.49150634765625,-4.62150634765625,-3.77150634765625,-3.61150634765625,-2.56150634765625,-4.07150634765625,-2.66150634765625,-1.6115063476562501,-1.79150634765625,-1.70150634765625,-1.41150634765625,-1.76150634765625,-1.49150634765625,-0.99150634765625,-0.04150634765625,1.1684936523437501,-1.42150634765625,-2.71150634765625,-2.60150634765625,-2.80150634765625,-3.56150634765625,-3.21150634765625,-3.29150634765625,-2.87150634765625,-2.7615063476562502,-3.08150634765625,-3.84150634765625,-4.06150634765625,-3.7415063476562502,-3.29150634765625,-3.13150634765625,-4.08150634765625,-4.73150634765625,-5.19150634765625,-4.44150634765625,-4.2915063476562505,-4.61150634765625,-4.72150634765625
-9.26150634765625,-8.94150634765625,-8.56150634765625,-8.66150634765625,-8.73150634765625,-8.15150634765625,-8.29150634765625,-7.621506347656251,-7.26150634765625,-5.89150634765625,-4.71150634765625,-3.40150634765625,-3.04150634765625,-2.61150634765625,-2.43150634765625,-2.71150634765625,-1.77150634765625,0.46849365234375,-0.13150634765625,-0.54150634765625,0.21849365234375,-0.50150634765625,-0.35150634765625,0.028493652343750002,-1.48150634765625,-0.89150634765625,-1.74150634765625,-2.17150634765625,-2.32150634765625,-1.80150634765625,-1.20150634765625,-2.04150634765625,-2.64150634765625,-3.11150634765625,-3.41150634765625,-2.94150634765625,-2.03150634765625,-3.60150634765625,-4.17150634765625,-4.48150634765625,-4.03150634765625,-3.46150634765625,-3.66150634765625,-3.43150634765625
-8.521506347656251,-8.71150634765625,-8.851506347656251,-8.73150634765625,-8.46150634765625,-8.62150634765625,-8.06150634765625,-8.04150634765625,-7.47150634765625,-7.36150634765625,-7.19150634765625,-6.70150634765625,-5.30150634765625,-3.97150634765625,-3.20150634765625,-3.11150634765625,-3.07150634765625,-3.21150634765625,-0.20150634765625,0.55849365234375,0.76849365234375,1.10849365234375,1.1484936523437501,2.10849365234375,1.74849365234375,1.75849365234375,-0.60150634765625,-1.49150634765625,-0.8015063476562501,-0.59150634765625,-0.40150634765625,-0.39150634765625003,-1.25150634765625,-1.29150634765625,-1.81150634765625,-1.84150634765625,-1.94150634765625,-1.8715063476562501,-2.59150634765625,-3.7815063476562503,-4.08150634765625,-4.42150634765625,-2.25150634765625,-3.50150634765625
-7.76150634765625,-8.07150634765625,-6.86150634765625,-8.17150634765625,-8.30150634765625,-8.931506347656251,-8.41150634765625,-8.00150634765625,-7.73150634765625,-7.22150634765625,-6.92150634765625,-6.94150634765625,-6.24150634765625,-5.52150634765625,-5.51150634765625,-4.18150634765625,-4.35150634765625,-2.25150634765625,-2.2615063476562502,-1.60150634765625,0.92849365234375,1.18849365234375,1.47849365234375,1.17849365234375,1.78849365234375,2.67849365234375,1.96849365234375,1.05849365234375,1.09849365234375,1.54849365234375,1.11849365234375,1.00849365234375,0.47849365234375,0.28849365234375,-0.16150634765625,-0.63150634765625,-0.8115063476562501,-0.88150634765625,-0.95150634765625,-2.27150634765625,-2.81150634765625,-2.47150634765625,-2.16150634765625,-1.84150634765625
-6.02150634765625,-7.80150634765625,-7.70150634765625,-6.94150634765625,-7.96150634765625,-8.23150634765625,-7.68150634765625,-7.2515063476562505,-6.99150634765625,-6.60150634765625,-6.21150634765625,-5.84150634765625,-5.18150634765625,-5.81150634765625,-5.57150634765625,-5.32150634765625,-4.96150634765625,-3.44150634765625,-2.9915063476562502,-2.63150634765625,-0.86150634765625,1.34849365234375,0.91849365234375,1.46849365234375,1.49849365234375,1.75849365234375,2.40849365234375,3.72849365234375,2.92849365234375,3.62849365234375,2.99849365234375,3.0484936523437502,1.48849365234375,1.10849365234375,1.6484936523437501,1.53849365234375,-0.03150634765625,0.28849365234375,0.98849365234375,0.48849365234375003,-1.79150634765625,-1.48150634765625,-2.05150634765625,-2.7815063476562503
-3.34150634765625,-1.29150634765625,-2.21150634765625,-9.15150634765625,-9.681506347656251,-8.63150634765625,-7.621506347656251,-6.621506347656251,-5.92150634765625,-5.67150634765625,-5.84150634765625,-4.82150634765625,-4.61150634765625,-4.17150634765625,-4.23150634765625,-4.62150634765625,-4.89150634765625,-4.0415063476562505,-3.8015063476562503,-3.56150634765625,-1.79150634765625,-1.48150634765625,0.028493652343750002,0.17849365234375,0.47849365234375,1.03849365234375,1.6584936523437501,2.2984936523437502,3.00849365234375,3.98849365234375,3.26849365234375,4.13849365234375,3.18849365234375,2.61849365234375,2.33849365234375,2.43849365234375,1.1684936523437501,2.25849365234375,1.76849365234375,2.61849365234375,1.1484936523437501,-0.79150634765625,-0.6815063476562501,-1.31150634765625
-8.26150634765625,-9.54150634765625,-10.29150634765625,-9.54150634765625,-9.40150634765625,-8.18150634765625,-7.10150634765625,-6.67150634765625,-6.47150634765625,-6.10150634765625,-6.11150634765625,-5.76150634765625,-5.36150634765625,-4.51150634765625,-3.56150634765625,-3.50150634765625,-3.52150634765625,-2.27150634765625,-2.32150634765625,-3.33150634765625,-2.43150634765625,-1.51150634765625,0.00849365234375,0.27849365234375,0.68849365234375,2.05849365234375,1.6484936523437501,1.24849365234375,1.85849365234375,2.51849365234375,4.7884936523437505,4.46849365234375,4.47849365234375,5.02849365234375,3.61849365234375,4.05849365234375,3.16849365234375,3.10849365234375,2.8184936523437503,3.86849365234375,2.74849365234375,2.36849365234375,-0.32150634765625,0.45849365234375
-9.79150634765625,-9.97150634765625,-9.431506347656251,-8.86150634765625,-9.00150634765625,-8.49150634765625,-6.63150634765625,-6.40150634765625,-5.34150634765625,-5.36150634765625,-5.01150634765625,-5.0815063476562505,-5.01150634765625,-2.85150634765625,-4.0415063476562505,-3.63150634765625,-2.67150634765625,-1.47150634765625,-0.83150634765625,-0.22150634765625,-0.64150634765625,-0.86150634765625,-1.50150634765625,-0.41150634765625,1.53849365234375,1.20849365234375,1.82849365234375,2.90849365234375,2.5684936523437503,3.34849365234375,3.32849365234375,3.09849365234375,4.99849365234375,5.18849365234375,4.60849365234375,4.90849365234375,5.35849365234375,4.99849365234375,3.73849365234375,4.34849365234375,4.56849365234375,3.10849365234375,1.49849365234375,1.13849365234375
-9.40150634765625,-8.28150634765625,-8.25150634765625,-8.86150634765625,-8.24150634765625,-8.03150634765625,-6.24150634765625,-6.13150634765625,-6.22150634765625,-5.5015063476562505,-4.78150634765625,-5.19150634765625,-4.52150634765625,-2.87150634765625,-2.05150634765625,-2.30150634765625,-1.6115063476562501,-1.59150634765625,-0.82150634765625,0.01849365234375,1.75849365234375,2.28849365234375,1.03849365234375,0.17849365234375,0.28849365234375,0.18849365234375,1.31849365234375,2.34849365234375,1.69849365234375,2.13849365234375,2.43849365234375,2.38849365234375,2.72849365234375,3.25849365234375,5.71849365234375,5.95849365234375,6.66849365234375,5.40849365234375,4.54849365234375,4.87849365234375,4.39849365234375,4.41849365234375,3.76849365234375,1.76849365234375
-8.20150634765625,-8.29150634765625,-8.80150634765625,-8.681506347656251,-7.621506347656251,-6.11150634765625,-6.30150634765625,-5.67150634765625,-5.81150634765625,-5.87150634765625,-4.07150634765625,-4.43150634765625,-4.36150634765625,-3.38150634765625,-2.67150634765625,-1.06150634765625,-0.27150634765625,0.57849365234375,-0.13150634765625,1.57849365234375,2.60849365234375,2.07849365234375,3.45849365234375,3.12849365234375,2.50849365234375,2.48849365234375,1.6784936523437501,1.32849365234375,-0.00150634765625,0.30849365234375,0.33849365234375,1.20849365234375,2.66849365234375,3.30849365234375,3.69849365234375,5.71849365234375,6.46849365234375,6.08849365234375,5.15849365234375,5.14849365234375,4.40849365234375,4.77849365234375,4.54849365234375,4.68849365234375
-7.67150634765625,-7.40150634765625,-7.51150634765625,-7.09150634765625,-6.70150634765625,-5.99150634765625,-5.20150634765625,-6.121506347656251,-5.02150634765625,-4.41150634765625,-4.44150634765625,-3.85150634765625,-3.5515063476562503,-2.85150634765625,-1.51150634765625,-1.81150634765625,-0.01150634765625,-0.09150634765625,0.74849365234375,2.21849365234375,2.76849365234375,2.42849365234375,3.57849365234375,3.93849365234375,5.08849365234375,4.17849365234375,4.52849365234375,4.29849365234375,3.60849365234375,3.07849365234375,2.66849365234375,2.67849365234375,2.7984936523437502,3.44849365234375,2.03849365234375,2.15849365234375,3.7784936523437502,4.80849365234375,6.42849365234375,6.658493652343751,6.01849365234375,5.43849365234375,5.64849365234375,5.05849365234375
-6.90150634765625,-6.56150634765625,-7.39150634765625,-7.2915063476562505,-6.3315063476562505,-6.5815063476562505,-5.26150634765625,-6.39150634765625,-5.99150634765625,-4.22150634765625,-4.08150634765625,-3.5315063476562503,-2.4915063476562502,-1.6315063476562501,-1.78150634765625,-0.58150634765625,-1.00150634765625,0.37849365234375,0.90849365234375,1.96849365234375,2.14849365234375,2.53849365234375,3.47849365234375,4.09849365234375,5.1184936523437505,5.66849365234375,6.19849365234375,6.04849365234375,6.13849365234375,5.64849365234375,5.52849365234375,4.8284936523437505,4.7884936523437505,4.48849365234375,4.22849365234375,3.90849365234375,4.37849365234375,4.66849365234375,6.1184936523437505,5.43849365234375,8.06849365234375,7.16849365234375,6.87849365234375,5.99849365234375
-6.88150634765625,-7.84150634765625,-7.34150634765625,-6.38150634765625,-6.67150634765625,-6.7515063476562505,-5.14150634765625,-6.67150634765625,-4.22150634765625,-3.41150634765625,-2.68150634765625,-2.77150634765625,-1.26150634765625,-0.9315063476562501,-0.33150634765625003,0.43849365234375,0.16849365234375,1.04849365234375,1.48849365234375,2.28849365234375,2.84849365234375,3.2784936523437502,3.12849365234375,3.87849365234375,5.05849365234375,6.26849365234375,6.5384936523437505,7.5784936523437505,7.52849365234375,7.5784936523437505,7.34849365234375,7.24849365234375,6.25849365234375,6.44849365234375,6.16849365234375,6.01849365234375,5.98849365234375,6.13849365234375,7.62849365234375,7.948493652343751,7.76849365234375,7.24849365234375,7.698493652343751,7.35849365234375
-8.06150634765625,-7.49150634765625,-7.14150634765625,-6.19150634765625,-6.14150634765625,-5.19150634765625,-4.23150634765625,-3.2615063476562502,-3.7815063476562503,-1.6215063476562501,-1.44150634765625,-1.6415063476562501,-1.27150634765625,-1.69150634765625,-0.14150634765625,0.44849365234375,0.79849365234375,2.28849365234375,2.46849365234375,3.78849365234375,4.11849365234375,3.87849365234375,5.30849365234375,6.08849365234375,5.48849365234375,6.27849365234375,6.83849365234375,7.81849365234375,8.32849365234375,8.14849365234375,9.01849365234375,8.74849365234375,8.59849365234375,9.17849365234375,8.48849365234375,8.97849365234375,8.25849365234375,7.75849365234375,7.908493652343751,8.50849365234375,10.34849365234375,7.62849365234375,7.698493652343751,9.04849365234375
-7.43150634765625,-6.70150634765625,-6.57150634765625,-6.47150634765625,-4.7915063476562505,-3.77150634765625,-3.8015063476562503,-3.88150634765625,-3.42150634765625,-2.73150634765625,-2.86150634765625,-2.02150634765625,-0.70150634765625,-0.26150634765625,-0.16150634765625,1.68849365234375,1.75849365234375,2.98849365234375,4.26849365234375,4.91849365234375,5.34849365234375,5.3684936523437505,6.93849365234375,6.43849365234375,7.54849365234375,6.37849365234375,8.24849365234375,8.638493652343751,8.138493652343751,9.10849365234375,9.04849365234375,9.10849365234375,9.26849365234375,10.29849365234375,10.39849365234375,10.56849365234375,9.65849365234375,9.72849365234375,8.65849365234375,10.70849365234375,9.24849365234375,9.54849365234375,8.888493652343751,5.48849365234375
-8.06150634765625,-7.10150634765625,-6.69150634765625,-5.40150634765625,-4.24150634765625,-3.13150634765625,-3.79150634765625,-3.39150634765625,-3.43150634765625,-3.3015063476562503,-1.6215063476562501,-2.41150634765625,-0.62150634765625,0.27849365234375,0.9784936523437501,1.24849365234375,2.7984936523437502,3.03849365234375,4.09849365234375,5.09849365234375,6.1184936523437505,6.02849365234375,7.37849365234375,8.27849365234375,8.138493652343751,8.888493652343751,9.17849365234375,9.12849365234375,8.75849365234375,9.23849365234375,9.48849365234375,10.06849365234375,9.90849365234375,10.64849365234375,10.99849365234375,11.83849365234375,10.07849365234375,9.97849365234375,10.19849365234375,11.70849365234375,9.85849365234375,9.03849365234375,9.12849365234375,7.1184936523437505
-7.24150634765625,-6.30150634765625,-5.44150634765625,-5.12150634765625,-4.66150634765625,-3.34150634765625,-3.4915063476562502,-2.5315063476562503,-2.85150634765625,-2.13150634765625,-0.95150634765625,-1.6315063476562501,-1.83150634765625,0.29849365234375,1.81849365234375,2.92849365234375,2.95849365234375,2.38849365234375,2.93849365234375,4.02849365234375,4.52849365234375,6.13849365234375,6.41849365234375,7.30849365234375,8.558493652343751,9.94849365234375,9.638493652343751,10.25849365234375,9.82849365234375,10.45849365234375,10.36849365234375,10.20849365234375,10.93849365234375,11.51849365234375,12.18849365234375,11.81849365234375,12.02849365234375,11.61849365234375,12.20849365234375,12.15849365234375,9.90849365234375,10.308493652343751,9.52849365234375,7.41849365234375
