wind.json
{"header": { "parameterCategory": 2, "parameterNumber": 2, "nx": 21, "ny": 17, "lo1": 123.9010009765625, "la1": 32.5795783996582, "lo2": 130.785400390625, "la2": 39.289939880371094, "dx": 0.344219970703125, "dy": 0.41939759254455566, "refTime": "2025-06-30T00:00:00Z", "surface1Type": 100, "surface1Value": 100000.0, "forecastTime": 0, "scanMode": 0 }, "data":
[rows 0 to 16 of 17, columns 0 to 20 of 21]
-2.2274768996462093,-2.241306749026611,-2.336695067714552,-2.4929794688712823,-2.7161218803685507,-2.647136974344861,-2.0395620568609765,-1.2903581796074493,-0.9025073504299939,-0.8020101088887728,-0.6855580703585484,-0.41181018414031406,-0.03191237878805084,0.18400213709886382,0.4698751941618681,0.6309429937512347,0.6302330560823985,-2.1034562111937647,-2.202142235220754,-2.3899896991045724,-2.572868832823064
-2.783226642594651,-2.660477779836497,-1.9271438559601666,-1.0403818179168267,-0.6016669173944138,-0.5235476813441378,-0.4334630903692842,-0.16091607686980453,0.16552292023756543,0.4635668733668661,0.759851837888143,0.8805591107128807,0.6400234935384512,-2.0305599319280665,-2.1564878886560463,-2.369860933354792,-2.4811332716120367,-2.550040286757427,-2.3647910254774955,0.07369580184162917,-0.7836737106548658
-0.5110167645858102,-0.23820199284862542,0.007914813193812252,0.30780949170299327,0.608636972739524,0.8892223831256538,1.2018825339913848,1.2819790316894581,0.8837833254263732,-1.9646303225581787,-2.086935131378964,-2.29142155493726,-2.280956521642779,-2.1398491096120713,-1.8920637391046085,-1.524316392807133,-1.064214574412326,-0.5409379720455862,0.05235262987391365,0.5522101696939691,0.8859586242735569
1.13559419103205,1.3759865595572616,1.6739390913768326,1.688869571575893,1.151517779859415,-1.8492062055747105,-1.9520823897388309,-2.131600937878002,-2.021444861570479,-1.7103423359755197,-1.4272774635260121,-1.3108491621022007,-1.1291767914394049,-0.5667546791945313,0.32571565359315635,1.0618154256290326,1.4297700313988841,1.6471302614112522,1.906175832781539,2.206563919853507,2.1445753773122544
1.4040373027397326,-1.629544665173968,-1.7033811230735876,-1.8426940282890247,-1.68269598425759,-1.3054635479638521,-1.0453434370092451,-1.2057792999579235,-1.3044518586872091,-0.6977332141610453,0.491822152057184,1.4508604629337731,1.8867677940469882,2.130477741138105,2.8678980146701725,2.9238138430313927,2.905254010789645,1.9908920291928662,-1.3444074143549534,-1.3803565346918565,-1.4625140764434987
-1.2688480751607094,-0.8780212245586303,-0.6815236743699946,-1.0362358934711224,-1.3210834318879907,-0.6691485679617366,0.737502098850906,1.858921406538823,2.312711178319622,2.593789648641568,3.413446972604908,3.7853885617695173,3.866050508921577,2.925889236070095,-1.0926006921385976,-1.0870030898113199,-1.1087088221275838,-0.8949944633873449,-0.4787907742024816,-0.33035045807244134,-0.7954346032048538
-1.1039204049645612,-0.40294840218630906,0.8995735077371477,2.354591772095434,2.7092225580475073,2.81170874490642,3.470900357701952,4.375643919303557,4.712798763524584,3.9566215912372824,-0.9510964014074705,-0.8931424120759778,-0.856443605009252,-0.5753814536625056,-0.07607846295966895,0.07907839741963522,-0.37954684885620693,-0.7833978649862169,-0.2592060054190745,1.9357169668203043,2.1113726678397
2.301351950273338,2.872365219538328,3.76786560554432,4.206368758895936,5.088710807969214,4.535826768097977,-0.870365579447314,-0.7468898125147838,-0.6477693975464824,-0.284820145588224,0.31754559656679054,0.5458239699116241,0.2046307361479917,-0.21944594113828225,0.4189258026151548,1.0706491234782156,1.3086056912595982,1.6582704957779708,4.097687931875188,2.89703134623752,3.9505504455481337
5.157422756481669,4.802265737954102,-0.7580754811133636,-0.5843077148820279,-0.4233217699534633,-0.03103843172192535,0.5779864325960675,0.8775249679860652,0.514370658391638,0.2958771221123849,0.8197638799701562,0.5405376583506589,0.7524866115444556,0.5680923465049257,0.970976329176759,2.4611670862376602,3.5964034194335768,5.002981660395016,4.8341317722188375,-0.5451833830165586,-0.32514039652180515
-0.03965982073130825,0.2849640043191122,0.6579680621698767,0.8471681226906738,0.944901374244268,1.060774651962346,0.7167891952510351,0.5518633572287673,0.4784383435411265,0.25191435345407587,2.064944919029242,2.644721119014318,3.2536512547016985,4.647412598736665,4.5759911363459445,-0.26481816501094013,-0.02113847122049566,0.41416984393427436,0.607235913812515,0.5940029919102416,0.5919762137632103
1.2250881329631593,1.8151674067019299,0.9544099089716735,1.1604144338980884,0.4624684396268402,0.3430101816659115,1.0835757343287589,2.176468723906937,2.8112368150823213,4.022557947197365,3.992158426065973,0.024852334315422355,0.1527015456205946,0.5358470705310905,0.5835792801111261,0.33045977770803886,0.24557660986071791,0.7563296682496028,1.1187348946477553,1.5052392462205,0.8375847240857314
0.7274325032582132,1.2927728509507022,1.0327605913197366,2.6534949811052098,3.3178534733855316,3.218015521506161,3.2190628486444837,0.34303193907854257,0.06075649840440392,-0.11668772014050709,-0.28642973559247764,-0.509183769676972,-0.4737774639258451,0.3162137904235566,1.4341010916395203,1.647645612561906,0.699037836447731,2.652264025961568,1.368366199877906,3.258242325084614,2.084896624498766
1.5877195775332409,2.2649384178407423,2.3496958079342596,0.6907791381392843,-0.18085492703162387,-1.2523705066521424,-1.6450446097193379,-1.4151487497905433,-0.8211516864863986,0.15284285443196416,1.1864642052732384,1.2679292375949018,0.8024800594555753,1.9725866670124177,4.685939962688447,1.5163942963700072,1.8064418909536846,0.6783223877362288,1.0133398276345214,1.42730232187659,0.8499958849814504
-0.3522900693499147,-1.9855215424152983,-2.2841245811658233,-1.806011694395601,-0.9988538983520021,0.07436246323058493,1.0713681511570334,2.272879467120026,0.5282489061419652,3.2454699725809366,3.3467148107519304,1.3745589067532653,0.7870360963344101,0.05390611597117336,0.04170764545206989,0.3072877217339935,0.6542148355133536,-0.29029880227877314,-1.6203243911900778,-0.050589901155114816,0.026508266418561383
0.7693311407105348,-0.035857740770401485,0.8161539185867137,1.2209641639365088,3.8093949902189923,5.57638385931035,1.331714675165392,1.4434476343940812,0.8894466459272757,0.11188638827326944,-0.09523435840761185,0.10392698259157339,0.17788253346727448,-0.15833511416186272,-0.7264104161480981,-0.5303784245364714,-0.7930090491780121,0.2925947644162833,0.07659237332071,1.0326773244789496,3.5296058647496773
4.630869582327408,6.038765276940238,1.5206588698329098,1.3405234019067696,1.002657169609748,0.6193401809453423,0.4643166200828922,0.5091397269607203,-0.45662890558286,-0.27342327939894323,-0.07425664999593252,-0.05648673317585944,-0.15325424935801124,-0.20084097609517398,0.8396413501043312,1.0070850308591999,2.9402480904974344,3.5009070490141463,2.473188978927532,2.0489919804186454,1.7160987605701146
1.5700722822179025,1.4654126643265442,1.282602597011422,1.1101461124271088,-1.1873827919910436,-0.7753626660856412,-0.1936184235530942,0.05562075555037321,-0.07946956814274571,0.06881450971725843,0.4920924903369602,0.7524117221974663,1.9782365939523139,3.3443866174077987,3.3694634094345544,3.538496735709526,3.4360871319113704,3.0752109036284114,2.6223841992032546,2.107126820727059,1.5967043250716917
