wind-korea.json
{"header": {"parameterCategory": 2, "parameterNumber": 3, "nx": 61, "ny": 41, "lo1": 120.0, "la1": 40.0, "lo2": 135.0, "la2": 30.0, "dx": 0.25, "dy": 0.25, "refTime": "2025-06-23T00:00:00Z"}, "data":
[rows 0 to 18 of 41, columns 0 to 43 of 61]
7.484387207031251,7.38438720703125,7.68438720703125,7.7843872070312505,6.2843872070312505,3.68438720703125,2.5843872070312504,3.78438720703125,4.984387207031251,5.08438720703125,4.48438720703125,4.2843872070312505,5.58438720703125,7.2843872070312505,7.58438720703125,6.2843872070312505,3.78438720703125,0.68438720703125,-1.61561279296875,-1.41561279296875,1.3843872070312502,5.18438720703125,8.28438720703125,10.284387207031251,11.18438720703125,10.68438720703125,8.98438720703125,6.984387207031251,5.7843872070312505,5.68438720703125,6.38438720703125,7.08438720703125,7.18438720703125,6.484387207031251,5.2843872070312505,4.2843872070312505,3.38438720703125,2.18438720703125,0.68438720703125,-0.31561279296875,-0.5156127929687501,-0.5156127929687501,-0.31561279296875,0.28438720703125003
9.68438720703125,9.08438720703125,8.18438720703125,7.58438720703125,6.58438720703125,4.08438720703125,1.5843872070312501,1.3843872070312502,3.68438720703125,5.68438720703125,6.2843872070312505,5.984387207031251,6.68438720703125,8.884387207031251,11.08438720703125,11.68438720703125,10.48438720703125,7.58438720703125,4.08438720703125,2.08438720703125,2.38438720703125,4.7843872070312505,7.984387207031251,11.284387207031251,13.68438720703125,14.08438720703125,12.48438720703125,9.58438720703125,6.18438720703125,3.68438720703125,2.9843872070312503,3.38438720703125,3.78438720703125,3.4843872070312503,2.38438720703125,1.68438720703125,1.68438720703125,1.68438720703125,0.98438720703125,-0.21561279296875002,-0.61561279296875,-0.01561279296875,0.7843872070312501,0.7843872070312501
8.28438720703125,8.78438720703125,8.78438720703125,8.68438720703125,8.48438720703125,7.68438720703125,6.2843872070312505,4.58438720703125,4.2843872070312505,6.2843872070312505,8.48438720703125,8.78438720703125,8.48438720703125,9.48438720703125,11.784387207031251,13.98438720703125,14.98438720703125,13.98438720703125,10.58438720703125,6.88438720703125,5.7843872070312505,7.08438720703125,8.78438720703125,9.784387207031251,10.18438720703125,9.784387207031251,8.58438720703125,6.984387207031251,4.88438720703125,2.38438720703125,0.18438720703125,-0.31561279296875,0.38438720703125,0.98438720703125,0.68438720703125,-0.41561279296875003,-0.71561279296875,0.7843872070312501,2.88438720703125,4.08438720703125,4.18438720703125,4.2843872070312505,4.58438720703125,4.68438720703125
6.984387207031251,9.384387207031251,11.08438720703125,12.284387207031251,12.884387207031251,12.384387207031251,11.08438720703125,9.18438720703125,7.38438720703125,7.68438720703125,9.884387207031251,11.384387207031251,10.68438720703125,9.28438720703125,9.384387207031251,11.08438720703125,13.18438720703125,14.284387207031251,13.68438720703125,10.68438720703125,7.58438720703125,6.68438720703125,7.18438720703125,7.38438720703125,6.58438720703125,5.58438720703125,4.18438720703125,2.38438720703125,0.48438720703125004,-1.41561279296875,-3.1156127929687503,-4.01561279296875,-3.1156127929687503,-1.01561279296875,0.48438720703125004,0.68438720703125,0.08438720703125001,0.8843872070312501,4.08438720703125,7.484387207031251,9.28438720703125,9.48438720703125,8.78438720703125,7.984387207031251
9.08438720703125,12.284387207031251,14.284387207031251,15.284387207031251,15.784387207031251,15.58438720703125,14.284387207031251,12.784387207031251,10.68438720703125,8.58438720703125,8.884387207031251,10.58438720703125,10.784387207031251,9.08438720703125,6.7843872070312505,5.88438720703125,7.38438720703125,9.884387207031251,11.58438720703125,10.48438720703125,7.2843872070312505,5.08438720703125,4.48438720703125,4.08438720703125,3.0843872070312504,1.98438720703125,1.28438720703125,0.28438720703125003,-1.2156127929687501,-2.7156127929687504,-4.01561279296875,-4.9156127929687505,-4.9156127929687505,-2.91561279296875,0.58438720703125,3.28438720703125,4.2843872070312505,4.58438720703125,5.88438720703125,7.984387207031251,9.48438720703125,9.98438720703125,9.68438720703125,8.884387207031251
11.884387207031251,13.98438720703125,15.18438720703125,15.08438720703125,14.784387207031251,14.884387207031251,13.98438720703125,12.284387207031251,11.08438720703125,8.98438720703125,6.58438720703125,6.7843872070312505,8.68438720703125,9.58438720703125,8.58438720703125,6.18438720703125,4.984387207031251,6.38438720703125,8.48438720703125,8.48438720703125,5.484387207031251,2.18438720703125,1.18438720703125,1.48438720703125,1.48438720703125,1.0843872070312501,0.8843872070312501,0.68438720703125,0.18438720703125,-0.9156127929687501,-2.1156127929687503,-2.91561279296875,-2.6156127929687503,-1.2156127929687501,1.68438720703125,5.18438720703125,7.38438720703125,7.984387207031251,8.28438720703125,9.08438720703125,9.384387207031251,8.58438720703125,7.7843872070312505,7.68438720703125
11.98438720703125,13.08438720703125,13.58438720703125,13.08438720703125,11.58438720703125,10.48438720703125,9.98438720703125,8.98438720703125,8.18438720703125,7.68438720703125,5.58438720703125,3.88438720703125,5.38438720703125,8.384387207031251,10.08438720703125,9.08438720703125,6.68438720703125,5.7843872070312505,6.7843872070312505,7.18438720703125,4.88438720703125,1.0843872070312501,-0.81561279296875,-0.21561279296875002,0.28438720703125003,0.18438720703125,0.18438720703125,0.58438720703125,1.48438720703125,2.18438720703125,2.5843872070312504,2.5843872070312504,2.68438720703125,3.0843872070312504,4.38438720703125,6.38438720703125,7.88438720703125,8.28438720703125,8.18438720703125,8.28438720703125,7.984387207031251,6.68438720703125,5.2843872070312505,4.7843872070312505
10.784387207031251,10.884387207031251,10.58438720703125,9.884387207031251,8.28438720703125,6.88438720703125,6.88438720703125,6.984387207031251,6.7843872070312505,6.7843872070312505,5.7843872070312505,3.78438720703125,3.4843872070312503,5.7843872070312505,8.68438720703125,10.284387207031251,8.98438720703125,6.38438720703125,5.38438720703125,6.08438720703125,5.58438720703125,2.4843872070312503,-0.61561279296875,-1.31561279296875,-0.9156127929687501,-0.71561279296875,-0.41561279296875003,0.58438720703125,1.98438720703125,3.4843872070312503,5.08438720703125,6.2843872070312505,6.7843872070312505,6.68438720703125,6.18438720703125,6.2843872070312505,6.7843872070312505,6.7843872070312505,6.7843872070312505,6.88438720703125,6.58438720703125,5.08438720703125,3.28438720703125,2.18438720703125
8.08438720703125,8.48438720703125,8.384387207031251,7.7843872070312505,7.08438720703125,6.484387207031251,6.58438720703125,6.7843872070312505,6.7843872070312505,7.18438720703125,7.68438720703125,6.88438720703125,5.484387207031251,4.88438720703125,5.7843872070312505,7.7843872070312505,8.884387207031251,7.58438720703125,5.7843872070312505,5.58438720703125,5.7843872070312505,4.18438720703125,1.5843872070312501,0.68438720703125,1.48438720703125,2.28438720703125,2.9843872070312503,3.68438720703125,4.2843872070312505,5.08438720703125,5.984387207031251,6.18438720703125,5.984387207031251,5.68438720703125,4.984387207031251,4.7843872070312505,5.484387207031251,5.484387207031251,4.58438720703125,4.2843872070312505,4.38438720703125,3.88438720703125,2.18438720703125,0.38438720703125
5.2843872070312505,6.08438720703125,6.68438720703125,7.18438720703125,7.38438720703125,7.38438720703125,7.2843872070312505,7.38438720703125,6.984387207031251,7.2843872070312505,8.68438720703125,9.384387207031251,8.58438720703125,6.984387207031251,4.88438720703125,3.9843872070312503,4.68438720703125,5.18438720703125,4.68438720703125,5.484387207031251,7.18438720703125,6.88438720703125,4.88438720703125,3.9843872070312503,4.984387207031251,6.38438720703125,7.38438720703125,8.18438720703125,8.08438720703125,6.984387207031251,5.68438720703125,4.48438720703125,3.88438720703125,3.9843872070312503,3.28438720703125,2.18438720703125,2.08438720703125,2.5843872070312504,2.18438720703125,2.08438720703125,2.9843872070312503,3.5843872070312504,2.78438720703125,0.48438720703125004
4.58438720703125,4.984387207031251,5.38438720703125,6.484387207031251,7.984387207031251,7.88438720703125,6.7843872070312505,6.88438720703125,6.984387207031251,6.484387207031251,7.68438720703125,9.28438720703125,9.48438720703125,8.58438720703125,6.88438720703125,4.88438720703125,3.9843872070312503,4.18438720703125,4.2843872070312505,5.2843872070312505,7.984387207031251,9.58438720703125,8.384387207031251,6.88438720703125,7.38438720703125,8.384387207031251,8.68438720703125,8.48438720703125,7.88438720703125,6.7843872070312505,5.38438720703125,3.9843872070312503,2.68438720703125,2.18438720703125,2.08438720703125,1.48438720703125,1.0843872070312501,1.3843872070312502,1.28438720703125,0.7843872070312501,1.48438720703125,2.78438720703125,3.5843872070312504,2.28438720703125
4.68438720703125,5.58438720703125,5.88438720703125,5.88438720703125,7.38438720703125,7.484387207031251,5.58438720703125,4.38438720703125,4.68438720703125,4.48438720703125,5.08438720703125,6.984387207031251,7.88438720703125,7.58438720703125,7.7843872070312505,7.7843872070312505,7.984387207031251,8.48438720703125,8.48438720703125,8.08438720703125,9.58438720703125,11.784387207031251,11.18438720703125,8.18438720703125,7.2843872070312505,8.384387207031251,8.18438720703125,6.58438720703125,5.18438720703125,4.38438720703125,3.78438720703125,2.88438720703125,1.18438720703125,0.08438720703125001,0.48438720703125004,0.7843872070312501,0.7843872070312501,1.28438720703125,2.5843872070312504,2.78438720703125,2.4843872070312503,3.18438720703125,4.08438720703125,3.88438720703125
4.48438720703125,3.88438720703125,4.38438720703125,4.68438720703125,4.984387207031251,5.2843872070312505,4.2843872070312505,3.4843872070312503,2.4843872070312503,2.38438720703125,3.4843872070312503,5.7843872070312505,7.58438720703125,7.7843872070312505,8.18438720703125,9.28438720703125,10.784387207031251,12.284387207031251,12.68438720703125,11.98438720703125,12.08438720703125,13.384387207031251,13.08438720703125,9.48438720703125,6.08438720703125,5.7843872070312505,6.484387207031251,5.7843872070312505,4.18438720703125,2.78438720703125,2.38438720703125,2.68438720703125,2.08438720703125,0.68438720703125,1.0843872070312501,2.28438720703125,2.9843872070312503,3.18438720703125,3.78438720703125,3.88438720703125,3.78438720703125,4.08438720703125,4.08438720703125,3.68438720703125
3.78438720703125,2.28438720703125,1.98438720703125,1.98438720703125,1.0843872070312501,1.0843872070312501,2.38438720703125,2.9843872070312503,2.88438720703125,2.78438720703125,3.28438720703125,5.58438720703125,8.384387207031251,9.98438720703125,10.384387207031251,10.48438720703125,11.284387207031251,12.884387207031251,13.48438720703125,12.384387207031251,11.08438720703125,11.48438720703125,11.48438720703125,9.28438720703125,5.2843872070312505,3.0843872070312504,3.28438720703125,3.5843872070312504,2.88438720703125,1.78438720703125,1.68438720703125,2.88438720703125,4.2843872070312505,4.7843872070312505,5.484387207031251,6.58438720703125,7.18438720703125,6.08438720703125,4.984387207031251,4.58438720703125,4.08438720703125,3.68438720703125,3.28438720703125,2.68438720703125
1.5843872070312501,0.38438720703125,-0.5156127929687501,-0.81561279296875,-1.61561279296875,-2.1156127929687503,-1.2156127929687501,0.98438720703125,4.7843872070312505,6.7843872070312505,5.7843872070312505,5.58438720703125,7.484387207031251,10.384387207031251,11.784387207031251,11.98438720703125,11.284387207031251,10.98438720703125,10.68438720703125,9.784387207031251,7.58438720703125,6.484387207031251,6.984387207031251,6.88438720703125,4.984387207031251,2.9843872070312503,2.4843872070312503,2.28438720703125,1.8843872070312502,1.68438720703125,1.68438720703125,2.9843872070312503,4.58438720703125,6.38438720703125,7.484387207031251,9.28438720703125,10.784387207031251,10.384387207031251,8.18438720703125,5.58438720703125,4.2843872070312505,3.78438720703125,3.38438720703125,2.4843872070312503
0.58438720703125,-1.01561279296875,-1.7156127929687501,-1.31561279296875,-2.01561279296875,-2.91561279296875,-1.91561279296875,1.0843872070312501,5.2843872070312505,8.384387207031251,8.98438720703125,6.88438720703125,6.18438720703125,7.08438720703125,9.384387207031251,10.98438720703125,10.08438720703125,8.68438720703125,7.58438720703125,7.08438720703125,5.68438720703125,3.28438720703125,2.08438720703125,2.08438720703125,1.68438720703125,1.68438720703125,2.5843872070312504,2.88438720703125,2.5843872070312504,3.68438720703125,4.08438720703125,5.38438720703125,6.68438720703125,7.18438720703125,6.7843872070312505,7.984387207031251,10.884387207031251,12.284387207031251,10.784387207031251,7.38438720703125,4.38438720703125,3.68438720703125,3.68438720703125,3.4843872070312503
-0.11561279296875,-1.2156127929687501,-1.61561279296875,-0.9156127929687501,-1.41561279296875,-2.1156127929687503,-0.81561279296875,1.68438720703125,4.18438720703125,6.2843872070312505,7.38438720703125,6.484387207031251,3.5843872070312504,2.18438720703125,5.88438720703125,6.984387207031251,7.18438720703125,6.88438720703125,5.88438720703125,5.08438720703125,4.48438720703125,2.38438720703125,-0.01561279296875,-0.71561279296875,-1.2156127929687501,-0.71561279296875,1.3843872070312502,3.0843872070312504,4.18438720703125,4.88438720703125,6.18438720703125,8.98438720703125,10.884387207031251,10.384387207031251,8.384387207031251,7.18438720703125,8.28438720703125,10.08438720703125,10.384387207031251,7.984387207031251,4.38438720703125,2.5843872070312504,2.68438720703125,3.18438720703125
-0.11561279296875,0.28438720703125003,-1.11561279296875,-2.1156127929687503,-1.91561279296875,-1.11561279296875,1.18438720703125,3.4843872070312503,3.68438720703125,2.78438720703125,2.88438720703125,3.28438720703125,1.8843872070312502,0.18438720703125,0.68438720703125,3.0843872070312504,4.58438720703125,4.58438720703125,4.2843872070312505,3.78438720703125,3.0843872070312504,2.08438720703125,0.58438720703125,0.48438720703125004,0.68438720703125,2.08438720703125,2.38438720703125,3.68438720703125,4.88438720703125,5.88438720703125,7.88438720703125,10.784387207031251,12.284387207031251,12.48438720703125,11.48438720703125,9.18438720703125,7.68438720703125,7.484387207031251,7.38438720703125,6.7843872070312505,5.08438720703125,2.88438720703125,2.28438720703125,2.78438720703125
-0.5156127929687501,0.98438720703125,-0.21561279296875002,-2.1156127929687503,-1.7156127929687501,-0.5156127929687501,1.0843872070312501,2.9843872070312503,2.38438720703125,0.18438720703125,-1.41561279296875,-1.11561279296875,-0.31561279296875,-0.31561279296875,-1.01561279296875,0.18438720703125,2.28438720703125,2.88438720703125,2.68438720703125,2.38438720703125,2.38438720703125,2.18438720703125,1.28438720703125,1.78438720703125,3.78438720703125,3.9843872070312503,3.9843872070312503,5.68438720703125,6.58438720703125,7.2843872070312505,9.884387207031251,12.48438720703125,12.68438720703125,11.98438720703125,11.48438720703125,10.384387207031251,7.88438720703125,5.984387207031251,5.38438720703125,5.18438720703125,4.68438720703125,2.88438720703125,1.98438720703125,2.68438720703125
