wind-korea.json
{"header": {"parameterCategory": 2, "parameterNumber": 3, "nx": 61, "ny": 41, "lo1": 120.0, "la1": 40.0, "lo2": 135.0, "la2": 30.0, "dx": 0.25, "dy": 0.25, "refTime": "2025-06-23T00:00:00Z"}, "data":
[rows 19 to 37 of 41, columns 0 to 43 of 61]
-2.21561279296875,-1.5156127929687502,-0.71561279296875,-0.61561279296875,-0.11561279296875,0.28438720703125003,0.08438720703125001,0.18438720703125,-0.21561279296875002,-1.91561279296875,-3.81561279296875,-3.2156127929687504,-1.5156127929687502,-1.01561279296875,-1.7156127929687501,-1.01561279296875,0.8843872070312501,2.28438720703125,2.38438720703125,3.0843872070312504,3.28438720703125,3.0843872070312504,2.78438720703125,3.88438720703125,5.88438720703125,5.88438720703125,5.68438720703125,7.18438720703125,7.7843872070312505,7.7843872070312505,9.68438720703125,11.58438720703125,12.18438720703125,11.384387207031251,10.284387207031251,8.98438720703125,5.88438720703125,3.4843872070312503,3.38438720703125,3.68438720703125,3.0843872070312504,1.68438720703125,0.68438720703125,1.28438720703125
-5.21561279296875,-4.31561279296875,-2.81561279296875,-0.61561279296875,1.0843872070312501,0.98438720703125,-0.21561279296875002,-1.5156127929687502,-2.41561279296875,-3.51561279296875,-4.4156127929687505,-3.6156127929687503,-1.81561279296875,-1.11561279296875,-1.01561279296875,-1.11561279296875,-0.31561279296875,1.68438720703125,2.88438720703125,4.08438720703125,4.18438720703125,4.38438720703125,5.18438720703125,5.88438720703125,7.2843872070312505,7.08438720703125,7.08438720703125,8.68438720703125,10.08438720703125,10.384387207031251,9.08438720703125,8.28438720703125,9.08438720703125,9.18438720703125,7.984387207031251,6.18438720703125,3.4843872070312503,0.68438720703125,0.38438720703125,0.8843872070312501,0.48438720703125004,-0.41561279296875003,-0.9156127929687501,-0.31561279296875
-7.71561279296875,-6.51561279296875,-5.615612792968751,-2.91561279296875,0.18438720703125,1.28438720703125,-0.31561279296875,-2.7156127929687504,-4.01561279296875,-3.91561279296875,-3.31561279296875,-2.51561279296875,-1.2156127929687501,-0.21561279296875002,0.58438720703125,0.48438720703125004,0.38438720703125,1.5843872070312501,3.28438720703125,4.984387207031251,5.68438720703125,6.58438720703125,8.18438720703125,8.58438720703125,8.384387207031251,7.984387207031251,8.18438720703125,9.68438720703125,11.48438720703125,11.68438720703125,8.98438720703125,6.484387207031251,5.68438720703125,5.58438720703125,4.7843872070312505,3.38438720703125,1.8843872070312502,-0.21561279296875002,-1.5156127929687502,-1.7156127929687501,-2.01561279296875,-2.51561279296875,-2.7156127929687504,-1.5156127929687502
-8.71561279296875,-8.41561279296875,-6.51561279296875,-3.51561279296875,-1.2156127929687501,-0.61561279296875,-1.61561279296875,-3.31561279296875,-3.81561279296875,-3.2156127929687504,-2.41561279296875,-1.5156127929687502,-0.41561279296875003,1.18438720703125,2.18438720703125,2.18438720703125,2.4843872070312503,2.68438720703125,4.38438720703125,6.2843872070312505,7.18438720703125,8.384387207031251,10.18438720703125,10.784387207031251,10.284387207031251,9.784387207031251,10.08438720703125,10.784387207031251,10.98438720703125,10.18438720703125,8.28438720703125,5.68438720703125,3.68438720703125,2.88438720703125,2.78438720703125,1.8843872070312502,1.0843872070312501,0.18438720703125,-1.41561279296875,-2.01561279296875,-1.91561279296875,-2.01561279296875,-1.81561279296875,-0.61561279296875
-8.31561279296875,-8.11561279296875,-6.31561279296875,-4.11561279296875,-3.1156127929687503,-2.7156127929687504,-2.81561279296875,-2.7156127929687504,-2.41561279296875,-2.1156127929687503,-0.9156127929687501,0.48438720703125004,0.8843872070312501,1.78438720703125,2.88438720703125,3.0843872070312504,3.18438720703125,3.78438720703125,5.984387207031251,7.88438720703125,8.18438720703125,9.58438720703125,12.08438720703125,12.58438720703125,11.784387207031251,11.08438720703125,10.58438720703125,10.18438720703125,9.384387207031251,8.78438720703125,7.18438720703125,4.58438720703125,2.28438720703125,1.0843872070312501,1.0843872070312501,0.7843872070312501,0.48438720703125004,0.38438720703125,-0.61561279296875,-1.01561279296875,-0.71561279296875,-0.5156127929687501,-0.01561279296875,1.28438720703125
-8.11561279296875,-6.31561279296875,-4.81561279296875,-4.11561279296875,-3.51561279296875,-2.7156127929687504,-2.51561279296875,-2.1156127929687503,-1.11561279296875,0.08438720703125001,1.8843872070312502,2.88438720703125,2.18438720703125,1.8843872070312502,3.0843872070312504,3.9843872070312503,3.78438720703125,4.88438720703125,7.38438720703125,8.28438720703125,8.08438720703125,9.784387207031251,12.58438720703125,13.18438720703125,12.48438720703125,11.08438720703125,9.48438720703125,7.68438720703125,6.58438720703125,6.38438720703125,5.2843872070312505,2.68438720703125,0.18438720703125,-1.11561279296875,-1.2156127929687501,-1.11561279296875,-0.5156127929687501,-0.21561279296875002,-1.31561279296875,-1.81561279296875,-1.11561279296875,-0.01561279296875,1.68438720703125,2.88438720703125
-7.51561279296875,-5.31561279296875,-3.91561279296875,-3.41561279296875,-3.41561279296875,-3.2156127929687504,-2.51561279296875,-1.01561279296875,1.48438720703125,3.28438720703125,3.18438720703125,2.78438720703125,2.78438720703125,2.4843872070312503,3.28438720703125,3.88438720703125,4.68438720703125,6.38438720703125,7.484387207031251,7.484387207031251,7.88438720703125,9.18438720703125,10.784387207031251,11.284387207031251,10.68438720703125,9.08438720703125,7.08438720703125,4.88438720703125,3.4843872070312503,3.0843872070312504,2.4843872070312503,0.68438720703125,-1.61561279296875,-3.1156127929687503,-3.41561279296875,-3.2156127929687504,-2.01561279296875,-1.5156127929687502,-2.41561279296875,-2.81561279296875,-1.61561279296875,0.38438720703125,2.38438720703125,2.88438720703125
-6.71561279296875,-4.51561279296875,-3.31561279296875,-3.1156127929687503,-3.51561279296875,-3.51561279296875,-2.01561279296875,0.08438720703125001,1.98438720703125,3.5843872070312504,3.5843872070312504,2.88438720703125,3.0843872070312504,2.4843872070312503,2.38438720703125,4.18438720703125,5.984387207031251,6.18438720703125,5.484387207031251,5.984387207031251,6.88438720703125,7.38438720703125,7.68438720703125,7.68438720703125,6.984387207031251,5.38438720703125,3.9843872070312503,2.88438720703125,1.5843872070312501,0.18438720703125,-0.41561279296875003,-1.2156127929687501,-3.31561279296875,-4.9156127929687505,-5.21561279296875,-4.51561279296875,-2.91561279296875,-2.7156127929687504,-3.6156127929687503,-3.51561279296875,-2.21561279296875,-0.21561279296875002,1.98438720703125,2.88438720703125
-3.51561279296875,-1.81561279296875,-1.41561279296875,-2.21561279296875,-2.91561279296875,-2.81561279296875,-1.91561279296875,-0.71561279296875,1.3843872070312502,4.08438720703125,4.88438720703125,3.4843872070312503,1.8843872070312502,0.7843872070312501,1.28438720703125,3.88438720703125,4.984387207031251,3.4843872070312503,2.38438720703125,3.68438720703125,4.7843872070312505,4.58438720703125,4.18438720703125,3.5843872070312504,2.78438720703125,1.8843872070312502,1.18438720703125,0.28438720703125003,-0.81561279296875,-1.91561279296875,-2.31561279296875,-3.01561279296875,-5.01561279296875,-5.9156127929687505,-6.01561279296875,-4.9156127929687505,-4.11561279296875,-4.81561279296875,-5.615612792968751,-5.31561279296875,-4.11561279296875,-1.91561279296875,0.18438720703125,1.18438720703125
-0.71561279296875,-0.31561279296875,-0.5156127929687501,-1.11561279296875,-1.5156127929687502,-1.2156127929687501,-0.31561279296875,1.18438720703125,3.18438720703125,3.9843872070312503,3.28438720703125,2.28438720703125,0.98438720703125,0.7843872070312501,1.68438720703125,2.4843872070312503,1.68438720703125,0.38438720703125,0.38438720703125,1.28438720703125,1.98438720703125,1.68438720703125,0.38438720703125,-0.81561279296875,-1.31561279296875,-0.31561279296875,-0.21561279296875002,-1.41561279296875,-2.41561279296875,-3.01561279296875,-3.01561279296875,-4.4156127929687505,-5.81561279296875,-6.31561279296875,-6.115612792968751,-5.01561279296875,-6.01561279296875,-7.51561279296875,-7.81561279296875,-6.9156127929687505,-5.115612792968751,-2.91561279296875,-1.81561279296875,-1.31561279296875
-0.81561279296875,-1.01561279296875,-0.71561279296875,-0.21561279296875002,0.8843872070312501,1.98438720703125,2.88438720703125,3.38438720703125,2.68438720703125,0.58438720703125,-0.11561279296875,1.18438720703125,2.18438720703125,2.5843872070312504,1.8843872070312502,0.08438720703125001,-0.9156127929687501,-0.71561279296875,-0.31561279296875,-0.71561279296875,0.18438720703125,-0.5156127929687501,-2.51561279296875,-3.91561279296875,-3.81561279296875,-1.7156127929687501,-0.81561279296875,-1.41561279296875,-2.01561279296875,-2.6156127929687503,-3.6156127929687503,-4.21561279296875,-4.51561279296875,-5.615612792968751,-5.115612792968751,-4.81561279296875,-6.31561279296875,-7.615612792968751,-7.51561279296875,-5.9156127929687505,-3.51561279296875,-1.5156127929687502,-0.71561279296875,-0.5156127929687501
0.58438720703125,0.68438720703125,0.98438720703125,1.18438720703125,2.08438720703125,3.0843872070312504,3.0843872070312504,1.68438720703125,-0.41561279296875003,-1.2156127929687501,0.38438720703125,2.18438720703125,2.9843872070312503,3.0843872070312504,1.28438720703125,-1.01561279296875,-1.5156127929687502,-0.9156127929687501,-1.01561279296875,-0.81561279296875,0.08438720703125001,-1.81561279296875,-4.61561279296875,-5.31561279296875,-4.21561279296875,-2.91561279296875,-1.91561279296875,-1.01561279296875,-0.5156127929687501,-1.61561279296875,-3.7156127929687504,-3.01561279296875,-3.51561279296875,-4.21561279296875,-3.51561279296875,-3.81561279296875,-4.71561279296875,-5.4156127929687505,-5.51561279296875,-3.91561279296875,-1.31561279296875,0.8843872070312501,1.48438720703125,0.8843872070312501
0.8843872070312501,0.7843872070312501,0.18438720703125,-0.41561279296875003,-0.01561279296875,0.98438720703125,1.48438720703125,0.98438720703125,0.18438720703125,0.98438720703125,2.18438720703125,2.08438720703125,2.5843872070312504,2.78438720703125,1.0843872070312501,-0.81561279296875,-1.01561279296875,-0.01561279296875,0.28438720703125003,0.48438720703125004,-0.71561279296875,-3.01561279296875,-4.9156127929687505,-5.115612792968751,-4.31561279296875,-3.6156127929687503,-1.81561279296875,-0.5156127929687501,-0.41561279296875003,-2.01561279296875,-3.01561279296875,-2.41561279296875,-2.31561279296875,-1.5156127929687502,-1.91561279296875,-2.7156127929687504,-3.01561279296875,-3.81561279296875,-3.81561279296875,-2.01561279296875,0.18438720703125,0.8843872070312501,0.98438720703125,0.18438720703125
0.38438720703125,-0.61561279296875,-1.31561279296875,-0.9156127929687501,-0.21561279296875002,0.48438720703125004,1.3843872070312502,2.08438720703125,2.08438720703125,1.8843872070312502,1.48438720703125,1.18438720703125,1.8843872070312502,1.98438720703125,0.98438720703125,0.48438720703125004,0.58438720703125,0.8843872070312501,0.68438720703125,-0.41561279296875003,-1.91561279296875,-3.91561279296875,-5.615612792968751,-5.81561279296875,-4.81561279296875,-2.81561279296875,-1.31561279296875,-1.2156127929687501,-1.41561279296875,-1.91561279296875,-1.7156127929687501,-2.1156127929687503,-0.9156127929687501,-0.11561279296875,-1.2156127929687501,-1.41561279296875,-2.01561279296875,-2.81561279296875,-1.7156127929687501,0.68438720703125,1.0843872070312501,0.48438720703125004,0.28438720703125003,-0.21561279296875002
0.38438720703125,-1.01561279296875,-1.5156127929687502,-0.61561279296875,-0.61561279296875,-0.41561279296875003,0.7843872070312501,1.78438720703125,1.78438720703125,0.98438720703125,0.28438720703125003,0.8843872070312501,1.8843872070312502,2.08438720703125,1.98438720703125,2.18438720703125,1.78438720703125,0.8843872070312501,0.48438720703125004,-1.11561279296875,-4.01561279296875,-6.31561279296875,-6.615612792968751,-6.21561279296875,-4.11561279296875,-1.91561279296875,-1.91561279296875,-2.1156127929687503,-2.51561279296875,-2.41561279296875,-2.7156127929687504,-2.91561279296875,-0.61561279296875,-0.31561279296875,-0.81561279296875,-0.71561279296875,-1.91561279296875,-1.5156127929687502,1.28438720703125,2.28438720703125,1.18438720703125,0.68438720703125,0.28438720703125003,0.28438720703125003
-0.9156127929687501,-1.5156127929687502,-1.31561279296875,-0.9156127929687501,-0.41561279296875003,0.38438720703125,1.18438720703125,1.18438720703125,0.8843872070312501,0.98438720703125,1.0843872070312501,1.48438720703125,1.68438720703125,1.8843872070312502,2.78438720703125,2.88438720703125,2.18438720703125,1.5843872070312501,0.8843872070312501,-1.91561279296875,-6.01561279296875,-7.31561279296875,-6.51561279296875,-4.9156127929687505,-2.91561279296875,-2.21561279296875,-1.91561279296875,-2.21561279296875,-2.91561279296875,-3.1156127929687503,-4.11561279296875,-2.31561279296875,-0.71561279296875,-0.71561279296875,0.28438720703125003,-0.61561279296875,-2.01561279296875,0.7843872070312501,2.78438720703125,1.68438720703125,0.98438720703125,0.8843872070312501,0.18438720703125,-0.01561279296875
-1.41561279296875,-1.5156127929687502,-1.11561279296875,-0.61561279296875,0.18438720703125,0.8843872070312501,0.48438720703125004,-0.01561279296875,0.58438720703125,1.5843872070312501,2.28438720703125,2.28438720703125,1.78438720703125,1.8843872070312502,2.28438720703125,2.38438720703125,1.5843872070312501,0.7843872070312501,-0.61561279296875,-3.81561279296875,-6.81561279296875,-7.115612792968751,-5.71561279296875,-4.11561279296875,-3.31561279296875,-2.81561279296875,-2.51561279296875,-2.7156127929687504,-2.51561279296875,-3.81561279296875,-2.51561279296875,-0.5156127929687501,-0.61561279296875,0.28438720703125003,0.8843872070312501,-1.61561279296875,-0.21561279296875002,3.28438720703125,2.4843872070312503,0.98438720703125,0.7843872070312501,0.28438720703125003,-0.41561279296875003,-0.41561279296875003
-1.91561279296875,-2.41561279296875,-2.91561279296875,-2.41561279296875,-1.7156127929687501,-1.41561279296875,-1.11561279296875,0.08438720703125001,2.18438720703125,3.4843872070312503,3.68438720703125,2.78438720703125,1.5843872070312501,0.98438720703125,0.68438720703125,0.28438720703125003,0.68438720703125,-0.21561279296875002,-2.7156127929687504,-5.615612792968751,-7.115612792968751,-6.615612792968751,-5.4156127929687505,-4.31561279296875,-3.01561279296875,-3.01561279296875,-3.41561279296875,-2.6156127929687503,-3.2156127929687504,-2.51561279296875,-0.01561279296875,-0.71561279296875,-0.21561279296875002,1.48438720703125,-0.9156127929687501,-1.2156127929687501,3.28438720703125,3.5843872070312504,1.8843872070312502,1.28438720703125,0.7843872070312501,-0.41561279296875003,-1.2156127929687501,-0.71561279296875
-3.1156127929687503,-3.41561279296875,-3.7156127929687504,-3.51561279296875,-3.1156127929687503,-2.31561279296875,-0.5156127929687501,1.78438720703125,3.5843872070312504,3.78438720703125,2.38438720703125,0.38438720703125,-0.81561279296875,-1.01561279296875,-0.61561279296875,0.08438720703125001,0.28438720703125003,-2.21561279296875,-5.31561279296875,-7.01561279296875,-6.9156127929687505,-5.4156127929687505,-3.7156127929687504,-3.01561279296875,-2.6156127929687503,-2.7156127929687504,-2.7156127929687504,-3.01561279296875,-2.6156127929687503,-0.41561279296875003,-0.81561279296875,-0.41561279296875003,1.98438720703125,0.58438720703125,-1.41561279296875,2.4843872070312503,4.18438720703125,2.88438720703125,2.08438720703125,1.3843872070312502,0.48438720703125004,-1.01561279296875,-1.81561279296875,-0.81561279296875
