wind-20250725-1.0.json
{"header": { "parameterCategory": 2, "parameterNumber": 3, "nx": 360, "ny": 181, "lo1": 0.0, "la1": 90.0, "lo2": 359.0, "la2": -90.0, "dx": 1.0, "dy": 1.0, "refTime": "2025-07-25T00:00:00Z", "surface1Type": 100, "surface1Value": 100000.0, "forecastTime": 0, "scanMode": 0 }, "data":
[rows 152 to 170 of 181, columns 132 to 175 of 360]
-1.541156005859375,-2.791156005859375,-4.751156005859375,-6.921156005859375,-8.511156005859375,-9.211156005859376,-9.091156005859375,-9.071156005859375,-9.671156005859375,-9.701156005859374,-10.371156005859374,-10.191156005859375,-9.241156005859375,-8.681156005859375,-8.701156005859374,-8.311156005859376,-8.511156005859375,-8.501156005859375,-7.371156005859375,-6.631156005859375,-6.601156005859375,-7.621156005859375,-8.501156005859375,-10.231156005859376,-12.191156005859375,-13.511156005859375,-14.951156005859374,-15.751156005859375,-14.991156005859375,-15.581156005859375,-16.081156005859377,-15.711156005859376,-15.031156005859375,-14.501156005859375,-14.501156005859375,-13.621156005859376,-12.701156005859374,-12.531156005859375,-12.151156005859375,-11.511156005859375,-10.481156005859376,-9.331156005859375,-8.191156005859375,-6.831156005859375
1.758843994140625,-0.861156005859375,-1.631156005859375,-5.161156005859375,-7.251156005859375,-9.271156005859375,-10.941156005859375,-10.931156005859375,-10.951156005859374,-9.951156005859374,-9.601156005859375,-9.591156005859375,-9.941156005859375,-9.681156005859375,-8.141156005859376,-8.221156005859376,-9.301156005859376,-8.661156005859375,-7.891156005859375,-7.261156005859375,-6.531156005859375,-6.001156005859375,-7.261156005859375,-7.991156005859375,-8.421156005859375,-9.871156005859374,-10.991156005859375,-12.001156005859375,-12.951156005859374,-14.021156005859375,-13.051156005859376,-12.911156005859375,-13.621156005859376,-13.531156005859375,-14.071156005859375,-13.981156005859376,-14.001156005859375,-13.801156005859376,-13.321156005859375,-12.691156005859375,-11.601156005859375,-10.311156005859376,-9.431156005859375,-8.701156005859374
5.418843994140625,6.278843994140625,7.738843994140625,-3.3911560058593753,-2.661156005859375,-4.261156005859375,-7.4011560058593755,-10.391156005859376,-10.961156005859376,-10.431156005859375,-9.861156005859375,-9.421156005859375,-9.021156005859375,-9.201156005859374,-9.571156005859375,-9.131156005859376,-8.821156005859375,-8.001156005859375,-5.891156005859375,-5.061156005859375,-4.761156005859375,-5.1111560058593755,-5.171156005859375,-5.8611560058593755,-7.391156005859375,-8.241156005859375,-9.331156005859375,-10.331156005859375,-10.971156005859376,-11.661156005859375,-11.961156005859376,-12.061156005859376,-12.661156005859375,-12.591156005859375,-12.581156005859375,-12.761156005859375,-12.751156005859375,-12.591156005859375,-12.451156005859374,-12.111156005859375,-11.031156005859375,-10.431156005859375,-9.611156005859375,-9.011156005859375
3.498843994140625,5.058843994140625,5.4288439941406255,4.9288439941406255,4.798843994140625,5.058843994140625,4.948843994140625,4.388843994140625,3.868843994140625,3.548843994140625,3.498843994140625,3.738843994140625,4.318843994140625,3.928843994140625,4.158843994140625,2.948843994140625,-0.581156005859375,-5.061156005859375,-4.9411560058593755,-5.271156005859375,-5.451156005859375,-5.001156005859375,-4.911156005859375,-5.531156005859375,-6.801156005859375,-7.631156005859375,-8.391156005859376,-9.141156005859376,-9.621156005859374,-9.861156005859375,-10.301156005859376,-10.751156005859375,-11.111156005859375,-11.181156005859375,-11.301156005859376,-11.641156005859376,-11.861156005859375,-11.801156005859376,-11.791156005859376,-12.491156005859375,-13.141156005859376,-12.161156005859375,-11.151156005859375,-10.671156005859375
0.038843994140625,0.868843994140625,4.028843994140625,2.528843994140625,3.2088439941406253,2.998843994140625,4.308843994140625,4.2188439941406255,4.088843994140625,4.7188439941406255,6.4688439941406255,7.808843994140625,8.158843994140625,8.848843994140625,7.388843994140625,6.628843994140625,5.188843994140625,4.388843994140625,4.328843994140625,4.4288439941406255,2.9188439941406252,-1.891156005859375,-6.681156005859375,-6.211156005859375,-5.851156005859375,-7.131156005859375,-8.001156005859375,-8.751156005859375,-9.201156005859374,-9.361156005859375,-9.501156005859375,-9.621156005859374,-9.831156005859375,-10.221156005859376,-10.471156005859376,-10.641156005859376,-10.651156005859375,-11.101156005859375,-11.131156005859376,-11.691156005859375,-12.081156005859375,-11.711156005859376,-11.491156005859375,-11.011156005859375
1.5688439941406251,3.518843994140625,4.848843994140625,5.908843994140625,7.208843994140625,8.408843994140625,9.088843994140625,10.888843994140625,12.548843994140626,14.668843994140625,16.168843994140627,11.438843994140624,13.578843994140625,7.558843994140625,10.288843994140626,10.868843994140626,7.398843994140625,7.288843994140625,5.898843994140625,6.188843994140625,6.238843994140625,6.708843994140625,7.4688439941406255,8.108843994140624,-4.881156005859375,-7.741156005859375,-7.721156005859375,-6.791156005859375,-6.771156005859375,-7.091156005859375,-8.101156005859375,-8.671156005859375,-8.861156005859375,-9.621156005859374,-9.961156005859376,-9.651156005859375,-9.571156005859375,-9.511156005859375,-9.651156005859375,-10.191156005859375,-10.391156005859376,-10.271156005859375,-9.181156005859375,-8.291156005859374
4.168843994140625,5.198843994140625,6.808843994140625,7.288843994140625,6.918843994140625,7.4288439941406255,7.998843994140625,8.708843994140626,8.948843994140626,9.588843994140625,10.488843994140625,13.238843994140625,16.018843994140624,16.248843994140625,14.008843994140625,11.798843994140626,4.258843994140625,1.268843994140625,7.988843994140625,8.378843994140626,2.048843994140625,4.848843994140625,7.208843994140625,7.518843994140625,7.148843994140625,7.268843994140625,7.888843994140625,8.478843994140625,8.478843994140625,8.918843994140625,7.528843994140625,3.128843994140625,-2.821156005859375,-5.871156005859375,-6.261156005859375,-7.031156005859375,-7.541156005859375,-7.921156005859375,-7.771156005859376,-7.781156005859375,-8.001156005859375,-7.931156005859375,-7.631156005859375,-7.4411560058593755
6.748843994140625,6.0088439941406255,6.478843994140625,7.618843994140625,6.688843994140625,6.198843994140625,6.768843994140625,8.078843994140625,9.168843994140625,10.958843994140626,12.278843994140626,14.868843994140626,15.818843994140625,15.528843994140626,16.268843994140624,14.928843994140625,14.068843994140625,12.798843994140626,11.868843994140626,14.128843994140626,13.398843994140625,8.568843994140625,3.148843994140625,-0.941156005859375,1.408843994140625,1.758843994140625,3.758843994140625,6.078843994140625,7.798843994140626,8.378843994140626,6.828843994140625,5.728843994140625,4.858843994140625,4.268843994140625,3.328843994140625,0.838843994140625,-1.331156005859375,-2.791156005859375,-4.221156005859375,-5.171156005859375,-5.461156005859375,-5.381156005859375,-5.281156005859375,-5.311156005859375
6.148843994140625,6.108843994140625,6.4288439941406255,6.418843994140625,6.048843994140626,5.948843994140625,6.138843994140625,7.168843994140625,7.788843994140625,8.338843994140625,9.478843994140625,10.358843994140626,11.438843994140624,12.458843994140626,12.238843994140625,12.048843994140626,12.078843994140625,11.778843994140626,11.528843994140626,11.418843994140625,11.508843994140625,10.048843994140626,7.878843994140625,7.068843994140625,5.448843994140625,5.738843994140625,2.808843994140625,1.2888439941406251,1.7988439941406251,6.628843994140625,4.788843994140625,4.518843994140625,3.1888439941406252,3.1688439941406252,3.488843994140625,3.928843994140625,3.788843994140625,3.508843994140625,3.268843994140625,2.908843994140625,2.498843994140625,1.958843994140625,2.128843994140625,0.798843994140625
6.638843994140625,6.7588439941406255,6.7188439941406255,6.368843994140625,6.528843994140625,6.048843994140626,5.698843994140625,6.048843994140626,6.158843994140625,5.588843994140625,5.738843994140625,6.708843994140625,7.528843994140625,7.908843994140625,8.418843994140625,8.898843994140625,9.278843994140626,9.178843994140625,8.988843994140625,8.788843994140626,8.448843994140626,7.548843994140626,6.598843994140625,6.158843994140625,5.588843994140625,5.478843994140625,5.288843994140625,4.598843994140625,1.828843994140625,0.838843994140625,6.078843994140625,-1.2311560058593751,0.178843994140625,0.758843994140625,-0.601156005859375,1.158843994140625,2.348843994140625,1.628843994140625,2.378843994140625,2.888843994140625,2.9588439941406253,3.268843994140625,3.028843994140625,2.798843994140625
7.858843994140625,7.458843994140625,6.848843994140625,6.2188439941406255,5.948843994140625,5.158843994140625,5.208843994140625,5.488843994140625,5.958843994140625,6.448843994140625,6.858843994140625,7.148843994140625,7.188843994140625,7.308843994140625,7.018843994140625,6.598843994140625,6.498843994140625,6.328843994140625,6.618843994140625,6.458843994140625,6.188843994140625,6.028843994140625,5.768843994140625,5.358843994140625,5.038843994140625,4.848843994140625,3.898843994140625,2.528843994140625,4.088843994140625,3.318843994140625,7.978843994140625,5.918843994140625,3.218843994140625,3.6888439941406252,4.228843994140625,0.288843994140625,-2.741156005859375,-2.361156005859375,0.458843994140625,3.948843994140625,4.698843994140625,4.028843994140625,3.198843994140625,2.618843994140625
5.598843994140625,5.518843994140625,6.768843994140625,6.778843994140625,6.9288439941406255,7.458843994140625,7.538843994140625,7.048843994140626,6.908843994140625,6.7588439941406255,6.378843994140625,6.198843994140625,6.148843994140625,6.1788439941406255,6.138843994140625,5.818843994140625,5.648843994140625,5.658843994140625,5.598843994140625,5.288843994140625,4.888843994140625,4.628843994140625,4.418843994140625,4.008843994140625,3.368843994140625,2.538843994140625,1.658843994140625,1.5388439941406251,3.588843994140625,4.698843994140625,3.238843994140625,2.908843994140625,-4.8611560058593755,-4.031156005859375,-0.751156005859375,-2.901156005859375,-1.351156005859375,-3.271156005859375,-1.461156005859375,0.768843994140625,2.578843994140625,2.988843994140625,3.028843994140625,2.878843994140625
5.228843994140625,5.448843994140625,6.458843994140625,7.318843994140625,7.238843994140625,6.868843994140625,6.7188439941406255,7.198843994140625,7.9288439941406255,7.658843994140625,7.208843994140625,6.918843994140625,6.378843994140625,5.988843994140625,5.828843994140625,5.668843994140625,5.568843994140625,5.268843994140625,4.948843994140625,4.548843994140625,3.6688439941406252,2.848843994140625,1.838843994140625,1.158843994140625,0.078843994140625,-1.031156005859375,-1.891156005859375,-2.481156005859375,-5.581156005859375,-5.681156005859375,-7.461156005859375,-2.041156005859375,0.488843994140625,-0.951156005859375,-2.311156005859375,-0.261156005859375,-0.811156005859375,-1.571156005859375,-2.151156005859375,-1.811156005859375,0.6088439941406251,2.008843994140625,2.078843994140625,1.448843994140625
6.0088439941406255,5.798843994140625,5.698843994140625,6.348843994140625,7.078843994140625,7.358843994140625,7.138843994140625,7.198843994140625,7.378843994140625,7.498843994140625,7.298843994140626,7.078843994140625,6.828843994140625,6.738843994140625,6.648843994140625,6.028843994140625,5.658843994140625,5.388843994140625,5.248843994140625,5.188843994140625,5.108843994140625,4.738843994140625,4.728843994140625,3.1888439941406252,3.238843994140625,1.758843994140625,0.048843994140625,-1.2411560058593751,-3.271156005859375,-6.221156005859375,-6.1911560058593755,0.558843994140625,-2.791156005859375,0.078843994140625,2.998843994140625,3.988843994140625,4.2188439941406255,4.338843994140625,4.018843994140625,0.018843994140625,-0.461156005859375,-0.181156005859375,0.178843994140625,-0.221156005859375
5.958843994140625,5.9288439941406255,5.878843994140625,5.518843994140625,5.668843994140625,5.9288439941406255,6.248843994140625,6.588843994140625,6.948843994140625,6.998843994140625,7.068843994140625,7.158843994140625,7.038843994140625,7.068843994140625,6.738843994140625,6.328843994140625,6.028843994140625,5.808843994140625,6.338843994140625,6.728843994140625,7.068843994140625,7.318843994140625,7.958843994140625,7.768843994140625,6.628843994140625,6.6788439941406255,5.918843994140625,4.048843994140625,3.598843994140625,2.2088439941406253,0.298843994140625,-1.131156005859375,-2.811156005859375,-0.7911560058593751,0.528843994140625,1.148843994140625,0.298843994140625,-0.761156005859375,-0.711156005859375,-0.44115600585937503,-0.38115600585937504,-0.631156005859375,-1.061156005859375,-1.091156005859375
5.268843994140625,5.2188439941406255,5.2588439941406255,5.1788439941406255,5.238843994140625,5.418843994140625,5.538843994140625,5.558843994140625,5.648843994140625,5.778843994140625,5.7588439941406255,5.788843994140625,5.608843994140625,5.488843994140625,5.688843994140625,5.858843994140625,5.778843994140625,5.748843994140625,5.878843994140625,6.028843994140625,6.328843994140625,6.918843994140625,7.228843994140625,7.708843994140625,8.538843994140626,8.718843994140625,7.698843994140625,3.058843994140625,0.068843994140625,0.048843994140625,1.388843994140625,1.998843994140625,-1.441156005859375,-1.561156005859375,-0.641156005859375,-0.871156005859375,-1.631156005859375,-1.4811560058593751,-0.811156005859375,-0.471156005859375,0.108843994140625,1.058843994140625,1.828843994140625,2.358843994140625
5.958843994140625,6.018843994140625,5.938843994140625,5.778843994140625,5.628843994140625,5.4288439941406255,5.278843994140625,5.208843994140625,5.168843994140625,5.088843994140625,4.988843994140625,5.068843994140625,5.198843994140625,5.398843994140625,5.618843994140625,5.838843994140625,5.748843994140625,5.528843994140625,5.388843994140625,5.408843994140625,5.568843994140625,5.588843994140625,5.0088439941406255,4.228843994140625,3.118843994140625,-0.941156005859375,1.448843994140625,1.218843994140625,1.068843994140625,4.588843994140625,6.648843994140625,5.228843994140625,0.198843994140625,0.31884399414062503,-0.261156005859375,0.44884399414062504,0.698843994140625,0.8588439941406251,1.478843994140625,2.118843994140625,2.448843994140625,2.4188439941406252,2.328843994140625,2.378843994140625
5.838843994140625,5.948843994140625,6.018843994140625,5.938843994140625,5.858843994140625,5.498843994140625,5.168843994140625,4.948843994140625,4.838843994140625,4.668843994140625,4.478843994140625,4.288843994140625,4.268843994140625,4.208843994140625,4.138843994140625,4.148843994140625,4.2188439941406255,4.238843994140625,4.498843994140625,5.098843994140625,5.848843994140625,6.648843994140625,7.278843994140625,7.788843994140625,7.058843994140625,2.898843994140625,0.9788439941406251,0.548843994140625,-3.211156005859375,-4.051156005859375,-2.411156005859375,-2.241156005859375,1.348843994140625,2.738843994140625,3.448843994140625,3.818843994140625,4.118843994140625,4.368843994140625,4.1788439941406255,3.9988439941406253,3.878843994140625,3.858843994140625,3.778843994140625,3.698843994140625
7.158843994140625,7.478843994140625,7.408843994140625,7.088843994140625,6.848843994140625,6.538843994140625,6.278843994140625,5.978843994140625,5.628843994140625,5.278843994140625,4.868843994140625,4.4288439941406255,4.258843994140625,3.928843994140625,3.598843994140625,3.528843994140625,3.428843994140625,2.768843994140625,1.598843994140625,0.708843994140625,-0.17115600585937502,-1.831156005859375,-3.001156005859375,-0.801156005859375,2.398843994140625,2.2088439941406253,1.628843994140625,0.5988439941406251,2.108843994140625,2.658843994140625,3.718843994140625,2.1888439941406252,0.788843994140625,0.818843994140625,1.608843994140625,2.9388439941406252,3.9388439941406252,4.198843994140625,4.298843994140625,4.288843994140625,4.248843994140625,4.138843994140625,4.038843994140625,4.038843994140625
