wind.json
{"header": { "parameterCategory": 2, "parameterNumber": 3, "nx": 82, "ny": 67, "lo1": -175500.0, "la1": -580500.0, "lo2": 418500.0, "la2": 148500.0, "dx": 7333.333333333333, "dy": 11045.454545454546, "refTime": "2025-06-30T12:00:00Z", "surface1Type": 100, "surface1Value": 100000.0, "forecastTime": 0, "scanMode": 0 }, "data":
[rows 0 to 18 of 67, columns 0 to 43 of 82]
6.255216190286691,6.209180091354768,6.165387346840299,6.122294090384877,6.078278721095253,6.031651086385433,5.980748216306706,5.923899000194423,5.859425135035781,5.785510656284119,5.699389749616592,5.600161159671228,5.490426465553151,5.372974071608382,5.250575669984113,5.12604946517818,5.002169221962325,4.881693224296179,4.7673926099888595,4.661969423304905,4.565919194641913,4.475960007305901,4.391774693020444,4.31215716635311,4.235879388020927,4.1616959437293675,4.088389009003551,4.014783278371567,3.9396632018549687,3.861897015995757,3.780351509172028,3.696675524676609,3.6124263170365567,3.5273365823259533,3.4411722835501632,3.3536950225078472,3.264861702317289,3.174645583674536,3.0830381352094673,2.9902231954077445,2.8964168332782254,2.7993827090197505,2.703441055042351,2.608726309103951
5.113728199122774,4.982868420372815,4.8568631906492366,4.739080440978624,4.6329197053510915,4.539251819463193,4.454515927066718,4.377992263872094,4.307969622978597,4.242658529415562,4.180325999754831,4.119250906223589,4.057696835989521,3.9939893825368,3.9264805887920953,3.853647631884022,3.7793761581033167,3.7058107681967334,3.631987588452347,3.5569574077739428,3.4798477790111937,3.399862227402522,3.316288552986941,3.2284059521181248,3.1356701168357914,3.037587974737603,2.930024537517885,2.817800396145467,2.7021734075743256,2.5841465875428202,2.464614650402832,2.3722802008551143,2.3750244651122263,2.2943574817486634,2.070460359898785,1.8822239042851547,1.7503841744736512,1.6282478753107312,1.4994951068202231,1.3675839585119463,1.2359490089170049,1.1080295554933093,0.987147048773768,0.8767501781483256
3.930470418339392,3.8645550722938546,3.8002568715762317,3.7360368982049503,3.6704155740647004,3.601951309529575,3.529277897477173,3.451053630507725,3.365992338908734,3.2729255788992835,3.1707134951533313,3.053367100709674,2.9263435348280233,2.791845844471289,2.6519561599774657,2.5088832880964995,2.3752040449868765,2.2864497914369486,2.172399197114512,2.006338114400662,1.8481833619390435,1.6884018209005307,1.54698188384576,1.4090538626885327,1.2694495749163468,1.1316690017251223,0.9990374827543234,0.8750740494441821,0.7631335915979351,0.6666662618841731,0.6177115150421583,0.5932335796232797,0.5195979834658199,0.42464206841863095,0.36868408205649283,0.3075140472106498,0.26508756641640235,6.251607521273013,6.212595134854948,6.179083289342201,6.14829082839034,6.117595026546538,6.0840481421267905,6.045019341975763
2.554963964621903,2.3908186839421663,2.23498628614297,2.0824337874708556,1.9425022786088018,1.8277227035197068,1.6744256311753685,1.4888522128051787,1.34363217187603,1.1980693346730806,1.055624378783357,0.9194676193202682,0.7931550832273004,0.6799877631763185,0.60659895689501,0.5515554857549128,0.47733623225810773,0.4134851212286855,0.34162907011192944,0.2854463154807519,0.23655834419595556,0.21044729389742145,6.264410680351657,6.226956950332706,6.196234304733409,6.169042357567747,6.142386260381803,6.113018318874926,6.07787639830254,6.033699601381079,5.977324656122587,5.905657468585529,5.814730833368006,5.701726179928707,5.571166446288143,5.42840062811243,5.27864496041447,5.126991191143664,4.978749743082218,4.838990773230602,4.712861551696359,4.605489431979494,4.519041227581661,4.448588381960499
0.4783593728801427,0.47167799919461945,0.3493118754761779,0.2805203875181134,0.22530482095142074,0.18622314462931952,0.16981547245072445,6.28424071468724,6.247913610267904,6.219766782933832,6.196146299398358,6.1736589841626905,6.148737543195159,6.117764644039832,6.07720813988706,6.0233983952405845,5.9528594165510915,5.86109979744915,5.745082983734241,5.609993620008449,5.4615736829235875,5.3057259266465575,5.148117021970812,4.994609688021668,4.8507999121777345,4.722436194675019,4.615207043885351,4.532127523988578,4.4700898928407256,4.429137729549985,4.387854320615199,4.364370084474386,4.346361372761155,4.329902990915913,4.311091581492034,4.286328418069677,4.2510896649525165,4.202903865252784,4.151237760240689,4.10061421007893,4.048831145946481,3.994011098266911,3.9342849993782374,3.8677518120260697
6.076443697375062,6.007160084292196,5.914255966863727,5.794557307868157,5.653965680137951,5.4988850452788745,5.335852897362215,5.171344451434142,5.011753153255782,4.863453471457316,4.732838779191538,4.626189441009907,4.546950306604369,4.507477232105031,4.634282266264858,4.916020875568508,4.739340476321105,4.717873354518858,4.794886512846659,4.468456035714676,4.408392107899198,4.3821093137580025,4.338979397471676,4.288721920403462,4.237259965289034,4.182721574860893,4.123675954912229,4.058738722172543,3.986459431341811,3.9053812587869072,3.8140496099047407,3.710859646937074,3.5938601953179825,3.4531112558194,3.294009645173341,3.1203169102152692,2.9358070796981384,2.744441438726258,2.5501061381025214,2.3567973774932627,2.168774558907648,1.9900161720102303,1.8356046322059159,1.675986614118755
5.688447910147663,5.605491462061863,5.592571400622489,5.66249378210808,5.2008297416815275,4.692124378128526,4.540801666261075,4.49776847533565,4.448667810289109,4.394383120593986,4.334395412866503,4.267968479515828,4.194481558993282,4.113213219978967,4.023435367567252,3.924394660390716,3.8151793984135374,3.6942169235612567,3.55146565102197,3.391311504108972,3.2172199944731594,3.0327494776591393,2.8416236497874574,2.647632684793187,2.454555807832023,2.2666189214295476,2.0877183790811236,1.9277229748769955,1.7681671124174114,1.6156643257827477,1.463942442525285,1.3146370911944751,1.1696288431386166,1.0307402116857474,0.9066993701215492,0.8255366977308373,0.678138982784043,0.5769401418377732,0.48648469703494496,0.3819935479142581,0.2857808409315718,0.19976009155540592,0.131843601561678,0.08991641535794394
4.034272062884599,3.9183050011606566,3.7936654973173023,3.6501133161375754,3.4908934869994566,3.319037471227298,3.1377232142062446,2.9502677593096993,2.760191076008066,2.57094411086794,2.386362132312484,2.210235337094028,2.051156910744581,1.8904243126373754,1.7411785068840855,1.593583157133166,1.4485193032382977,1.3070741843593818,1.1702826354614015,1.0601709715598546,0.9973435727351222,0.8039859869688528,0.697008547026086,0.6119406257262413,0.4856117950760164,0.3361716410536239,0.22065970309558505,0.1229722026544777,0.051216929637218245,6.413022037534492,6.37668353559133,6.356871887021478,6.347803522547961,6.34390925702898,6.339330795396166,6.328227447109996,6.304934997566755,6.263574773664763,6.198360590559092,6.101658380860225,5.969533659092478,5.810274713169867,5.632778770305698,5.4459111026081555
1.7474790599657228,1.6086220221678134,1.4724739115071193,1.3392841964904059,1.2244354198805798,1.1205446882632386,0.9631961686764136,0.84699716217675,0.7993571457166441,0.7492938432390182,0.45571244409261724,0.30339976022142867,0.12691899010794436,0.009149696837699731,6.455733075419579,6.418375405287906,6.399905994266369,6.393937355903981,6.394274444309005,6.394563879974624,6.388285927026086,6.369283951920011,6.3310780993897895,6.267340157489795,6.169559483297299,6.033691121971971,5.868746983351663,5.684378166502356,5.490155912197868,5.295652918035181,5.110290189372331,4.94350407358662,4.80460525043942,4.703028545371112,4.645729162938326,4.632853184303681,4.823244333579102,5.290776485152244,5.828751655644639,5.797525590880899,5.723648889685435,5.873935486771706,5.7584747698020635,5.226310189006065
6.463330375755609,6.445809237246661,6.442517787842532,6.4465674452135,6.4512093104585695,6.449378291483241,6.434329087376418,6.399095587821299,6.3368146205914515,6.238311136867773,6.0992553399747615,5.929465903462593,5.739192402174146,5.53872032682267,5.338220780612198,5.147642608049645,4.97718921372075,4.836645445471167,4.736090330046385,4.683270102549272,4.681390992492363,4.712899404037132,4.929497486249466,5.35514306174584,5.209256860101034,5.405071406404226,5.536935599658109,5.822688192612988,5.28847823709649,5.177518136674498,5.123283333201178,5.048079477006105,4.9543342018547,4.84550250249947,4.725008048341988,4.596294196925455,4.462468570154324,4.326735184800618,4.192033318754641,4.060080150713099,3.9197895569010135,3.7709891662149624,3.6152598374705707,3.454279587136069
5.19222982022847,5.0188594032779825,4.876951549005276,4.776999926207412,4.726735430372677,4.729683624281492,4.772203915740189,4.847792567180315,4.944513987458424,5.050162295757206,5.196502475123405,5.399376071615904,5.408347049671986,5.343648071361949,5.31061148330845,5.252999834249818,5.172665654432754,5.071520156977905,4.953716667991144,4.823615932919711,4.685431786731898,4.543110619410774,4.400702703601457,4.261972469640846,4.129357865365319,3.991393149387356,3.8470869576459683,3.697669216083782,3.5444011530967456,3.3888505081918265,3.232487208020347,3.07713690294748,2.9246109971610674,2.7769104964023947,2.635177328515312,2.4895673190759178,2.3702355342648365,2.2585651219320635,2.149187414310209,2.0390666973674767,1.9253887664434584,1.8055502229174838,1.677181539978459,1.538088823493597
5.347674584019385,5.2635408293320625,5.157111420842091,5.033074652509448,4.896431644337035,4.751861171688675,4.604028766520907,4.457469522281996,4.316628683996075,4.184409953868131,4.049032237078162,3.90891341580572,3.7650745897163285,3.618612107467396,3.4707691772200837,3.322887270818285,3.176384026471897,3.032812321107267,2.8937652335655324,2.7597320138413948,2.6257439262543167,2.511706810343989,2.4131648343171253,2.3169385204665813,2.2189486048499343,2.115252790998144,2.0021157317329963,1.8760658026896406,1.7337390154299503,1.5722187288649878,1.3759386832370368,1.1390051762130005,0.8757044336443697,0.550204896139847,0.27250909958479497,0.05804451871276521,6.658061925539525,6.614982569335888,6.597786798397125,6.59865403476983,6.609505553017493,6.622535185546696,6.629619946650841,6.622930835641157
3.388481371086944,3.24929115524953,3.1135772948620857,2.9827385565201263,2.8570742199772483,2.7374389932037313,2.633261632130196,2.544072213303083,2.4622103804158773,2.3781421548400568,2.286440411875979,2.1869709021036474,2.060989778680607,1.9181391415853446,1.7496316824660791,1.537922144342634,1.2795390405212659,0.9899706240243626,0.6842963350664252,0.37784294270194846,0.08129140397731861,6.714579749305664,6.670115455711817,6.65223767063108,6.652980380063009,6.664167365542458,6.677776690609528,6.68576746752434,6.6801211390209625,6.6533896244747766,6.596965133845906,6.5211911591400895,6.390548949227475,6.193873790972566,5.990037947837917,5.782430733838567,5.575985842648203,5.379892864296486,5.2047138018898575,5.060864379091216,4.958793575837795,4.905491190909335,4.903033654561706,4.9459085930336695
1.6897288925751215,1.4160989966342534,1.1072225173796897,0.7787259956255295,0.4468784404739524,0.12720562065695312,6.771701091625985,6.726100010800469,6.707129799849293,6.706816068387821,6.717049749210743,6.7298573319995665,6.737389888118931,6.73161405369073,6.704981185906114,6.654099634657848,6.657648365020483,6.567929077846499,6.292561611141622,6.0575785510464915,5.856349319556964,5.655176867844537,5.463324310635734,5.29070066662485,5.1471254647501326,5.042423246592877,4.978854182481765,4.957424340992701,4.976777182321133,5.026375216667718,5.0993164077382485,5.2019693741696615,5.260050886938303,5.293025538331495,5.343285903576234,5.369937011912932,5.313218439008425,5.252589897775729,5.194891053194589,5.109187424785216,4.993657617324742,4.872249364781239,4.746110687640422,4.615212330532838
6.701533010056811,6.766411059510295,6.711313854927001,6.381188942240471,6.128043994611544,5.938042886235105,5.7465038143930816,5.562656734644543,5.3952897592963245,5.253278121978448,5.144672837947067,5.058325318384104,4.99263445176629,4.958598134263959,4.946660866352785,5.004007332732943,5.150951547343511,5.08714482980029,4.98915250225551,5.013494943564809,5.0173551151272955,4.968211400051902,4.924383974263445,4.884045626555847,4.824606683858812,4.7514757378052375,4.6801788980007695,4.599070316083298,4.506448291116036,4.40543898346431,4.299477959309768,4.189242305820423,4.064536864144332,3.9296915141781876,3.7882873785106805,3.643823875011949,3.4996322167913974,3.3588669237199555,3.2245986038233245,3.0995814972558784,2.986521707039972,2.888684094142915,2.829351126565192,2.7969181031287587
4.810239840684641,4.977007918023447,4.800263742963554,4.697516066858724,4.689364082723286,4.670529782741529,4.638212229759946,4.602634834578435,4.5651083883493015,4.524130799715411,4.48559900357697,4.448239329833456,4.399888676912735,4.338759722738547,4.271776269017112,4.200553104752996,4.108429801574923,3.9879998759819353,3.8514352918081416,3.704165018815677,3.5513409385678316,3.397951661572603,3.2487873368088174,3.10835621462369,2.980896059041917,2.870361674230581,2.780597084306382,2.781352857623426,2.835461552835924,2.73469440779352,2.6681917796034242,2.6609690676841233,2.6425420845520176,2.604917192891844,2.5386915964793197,2.4355034567352987,2.2833703830843644,2.059603355643344,1.7827323826417936,1.4766917838186038,1.1492993323008134,0.8114025129554949,0.47830149060222876,6.949152057493364
4.0731190831861035,3.996717098030167,3.880463656033133,3.740742327617906,3.585007070242982,3.420395666049299,3.2538673730237884,3.0922404977837696,2.9418133897714074,2.80881809119132,2.698922127606274,2.616483812828519,2.672139368465793,2.7676869456945385,2.687528668558568,2.5787465910007854,2.597110005442775,2.6052023462510685,2.5944240469873137,2.5550911228881543,2.477671102183587,2.3481621183296646,2.1477967413583134,1.8971875695509028,1.6144621801003352,1.317950000148973,1.0090075805179461,0.7014893747204585,7.0140546330170075,6.967327704792034,6.938739904857331,6.922634079734645,6.913563418694884,6.906226714534606,6.895355027724104,6.875866345734213,6.842945013249515,6.790579494565871,6.712614299499151,6.614909080284382,6.506338189662448,6.384254701882252,6.250370261839285,6.114484885140554
2.4539398162175052,2.4935591199466822,2.530644136191184,2.549768937203215,2.5410532359196063,2.4941505094896854,2.3929255480095204,2.224794732461657,2.011719913252071,1.7665297814842218,1.5144392343630932,1.2492111385945526,0.9818943838406334,7.081477440669104,7.0353420695298885,7.00346593698424,6.9813177387703345,6.96458590509209,6.948928975118934,6.930306810548321,6.904772391059579,6.868267954659969,6.817001508458142,6.744917824789484,6.661644173376617,6.576704565580655,6.4769725609970745,6.367827005526309,6.256951347737369,6.142805956962043,6.022427688632149,5.895672627940665,5.773257266501221,5.640731718194087,5.66292007604479,5.567606159808785,4.847244159876285,4.5348565266532095,4.898784937858311,4.559265880933287,4.030831648141004,3.897827158507979,3.7931070727079796,3.7237043553460496
7.0705257818832985,7.041998686324227,7.017038725850183,6.9925018522601725,6.965489810270323,6.93328172683064,6.8930846987035075,6.842318054750497,6.776950113809758,6.706331886059755,6.641190823061424,6.585585061790162,6.525419684939722,6.415798153736418,6.310798645668993,6.210390188972396,6.0956972412108215,5.966149570270782,5.753996802514126,5.630067821412127,5.605080764168107,4.847407004735961,4.459724944210395,4.6506582652897865,4.255305614628945,3.7608271585419266,3.579099234256758,3.4411235056884024,3.3575603840566703,3.3325227349159956,3.3540663940314777,3.4085812514235982,3.482623045338129,3.5630195562555644,3.6366103699336967,3.690666938574327,3.712713723094413,3.6905911842270682,3.6127738326288625,3.477517275180427,3.2978300006864214,3.0875928987570793,2.86198435723649,2.636939522669991
