wind.json
{"header": { "parameterCategory": 2, "parameterNumber": 2, "nx": 82, "ny": 67, "lo1": -175500.0, "la1": -580500.0, "lo2": 418500.0, "la2": 148500.0, "dx": 7333.333333333333, "dy": 11045.454545454546, "refTime": "2025-06-30T12:00:00Z", "surface1Type": 100, "surface1Value": 100000.0, "forecastTime": 0, "scanMode": 0 }, "data":
[rows 0 to 18 of 67, columns 0 to 42 of 82]
-2.2274768996462093,-2.2175642932284996,-2.2176289555411057,-2.2260785529278233,-2.241306749026611,-2.2616658212773912,-2.285476733684028,-2.311058881210365,-2.336695067714552,-2.361184570787643,-2.3917838225945585,-2.4365464085069304,-2.4929794688712823,-2.5551197763927496,-2.6170112055278842,-2.6726753536606234,-2.7161218803685507,-2.7413869214622832,-2.742502014554579,-2.7134935555961572,-2.647136974344861,-2.5398420298108024,-2.396836838364634,-2.227096003029631,-2.0395620568609765,-1.8431711240632578,-1.6468903456616089,-1.4596719754712415,-1.2903581796074493,-1.1477786895451516,-1.0384726926653278,-0.9593387543157091,-0.9025073504299939,-0.8630132996140888,-0.8361879816085647,-0.8173807306425949,-0.8020101088887728,-0.7855391221279112,-0.7634624270001205,-0.7313543868075248,-0.6855580703585484,-0.6274306170676356,-0.5610652996529605
-2.7144004686732894,-2.7580708845842126,-2.782361216864805,-2.781096920407939,-2.7481066403288716,-2.6755108808813755,-2.558985033739348,-2.403919723075664,-2.220107580624441,-2.0173595232747323,-1.805432299972218,-1.5940904571325607,-1.3930818808750194,-1.2121140251739806,-1.0608957391699976,-0.9465675379824697,-0.865860276208297,-0.810301304399303,-0.7743454904929199,-0.7527484162763133,-0.7402989420456119,-0.7318125919287,-0.7221466103227522,-0.7061899963159709,-0.6788884405022486,-0.6361381205643957,-0.5796648717102756,-0.5141544537058037,-0.44187955126530404,-0.3646204140991516,-0.2815647020158472,-0.18214401454586876,-0.06871451333694263,0.019490923797573344,0.06779254990109114,0.11016155359498002,0.16997177790731635,0.24210479360330936,0.3173124530754873,0.3926904112021269,0.4654165271986735,0.5326379318991898,0.5915359617123938
-0.8661680120068623,-0.7835874215363927,-0.7281439107450675,-0.6939011739415712,-0.6752505694720915,-0.666589063738831,-0.6623197639608714,-0.6568790238920816,-0.6447159699341728,-0.6203160909674558,-0.5793066909852457,-0.5238038549811664,-0.4588173651224622,-0.3866266065238691,-0.3091161284294828,-0.22771847595897024,-0.14160610406094146,-0.050658120070202636,0.03681575744899194,0.1120617303478654,0.17364339097072634,0.2340415740037295,0.3049715790183813,0.38127681464683155,0.45772139517398003,0.5312950440258172,0.5989935182936191,0.6578633213902126,0.7049703678576202,0.737428993458815,0.7743074095928272,0.7888605847106378,0.7424082552177992,0.6644201608766788,0.5926901736152967,0.5146444151336447,0.41806432636004226,-2.129854351453477,-2.1325429584158555,-2.149258407301028,-2.1772018590694264,-2.213550107357447,-2.2554646215065874
-0.16090961384513003,-0.07813408432669226,0.004509338681098528,0.08713961252465166,0.1706798710638586,0.24812543622807975,0.3109134996199264,0.37618987396121656,0.4535268096501596,0.5309542335571605,0.6052717780852337,0.6732869854648914,0.7318820305859947,0.7779599337548225,0.8074688671215305,0.8178043634541242,0.8049471742029759,0.7647765297650116,0.6987942186302896,0.6146012823767832,0.519138164204731,0.4198070894583708,-2.1034562111937647,-2.1086250890583935,-2.128898981750819,-2.161128198763027,-2.202142235220754,-2.2487476504413513,-2.2977476580723826,-2.3459057441552664,-2.3899896991045724,-2.4272183817880473,-2.4651699447646798,-2.5141735813557418,-2.572868832823064,-2.635195865444395,-2.695083187808818,-2.7464494013069856,-2.783226642594651,-2.799340231157279,-2.7887176823030284,-2.7452867240022787,-2.660477779836497
0.8805591107128807,0.879337321227842,0.8160114985860897,0.7294477007680313,0.6400234935384512,0.5400294407714328,0.4367245228793372,-2.0816029091829638,-2.088221253650308,-2.11094578843491,-2.1462888570676557,-2.1907620033709607,-2.240847091285259,-2.2929985102639643,-2.343655927490804,-2.389241005008664,-2.426594730195531,-2.462890931354386,-2.508601175760747,-2.5628164004439187,-2.619796465047875,-2.673822290619843,-2.7191761816729287,-2.7501578330962637,-2.761040773892803,-2.746112665836125,-2.6996390494580202,-2.613389734181004,-2.48192913849511,-2.3103892004990363,-2.108718478992809,-1.8874416271576,-1.65673001007439,-1.4268098872152533,-1.2079200425128882,-1.0103928068073018,-0.8446480995281866,-0.7179360588800807,-0.6262477662974524,-0.5607321461789976,-0.5159464031541731,-0.4866481094183424,-0.46757006864161615
-2.385840933452344,-2.422302373060185,-2.4556056003031834,-2.4961640018195417,-2.543644485595815,-2.5928195991660816,-2.638490560576689,-2.6754854495539333,-2.6986271368547614,-2.7027415062263525,-2.6826436651126078,-2.6331370017866003,-2.5464622446775604,-2.4172618105364894,-2.252526870467624,-2.06214833853925,-1.8469050309189763,-1.6238433939397725,-1.4020816322685519,-1.1868028026287338,-0.9936527026124783,-0.8299879105138936,-0.7020982017697853,-0.6060382175058666,-0.5333034895725006,-0.47908529894265867,-0.43892493823455303,-0.4082338281072514,-0.38238126433358033,-0.35666004892282266,-0.3263302813065825,-0.28658847316891695,-0.23403824840469944,-0.17115324762936207,-0.10187655106540644,-0.02752811070153367,0.05045870545885525,0.1306558091409112,0.21159181356306922,0.29180158407116,0.369793964582135,0.4445461022856494,0.514865472500634
-1.7041111394965935,-1.2088030956381046,-0.9812246179613847,-1.0277459968232103,-1.0786562295063304,-0.9777767920888485,-0.8288132909988047,-0.70051269952304,-0.5991960484254364,-0.5174040597196031,-0.45130277315407535,-0.39724495723517017,-0.3515907268619981,-0.3105940339553117,-0.27044706979201777,-0.22726927884653034,-0.17711274210154568,-0.11733157925552434,-0.0500377383597513,0.021714993903435384,0.09697170486531538,0.17459430840021484,0.25347649601835465,0.33244296053878886,0.4102988631142629,0.48586505262869,0.5584175280388384,0.6264942242111694,0.6961791770647796,0.7739027009600443,0.8557707346186016,0.9375604200950186,1.0150891645821414,1.0841964701041147,1.142236905308628,1.1934152060450227,1.2031457198926216,1.1669903545771871,1.1153152670351363,1.0423620631959192,0.9433229930165119,0.8254453168126381,0.6970596043361766
-0.12257528740048168,-0.06023288008212285,0.007914813193812252,0.08022247813250066,0.1546857178171405,0.23081157272326763,0.30780949170299327,0.3849032322912383,0.4612862626067172,0.5361430469615089,0.608636972739524,0.678580739734402,0.7437675897245383,0.8115284836224991,0.8892223831256538,0.9712381868816583,1.0530463768026574,1.1301840021337197,1.2018825339913848,1.2983986754877446,1.3679661724743748,1.3391008487873934,1.2819790316894581,1.2230751347035058,1.132594170079962,1.0152082158255036,0.8837833254263732,0.7416091973813466,0.5973418729312313,-2.0155719914531605,-2.021723629571291,-2.0483401018913963,-2.0904049019173323,-2.1429247965689378,-2.2008607717992787,-2.259165316503591,-2.3127738182535977,-2.3565837738168876,-2.3857106581552596,-2.404237380096905,-2.421573553581698,-2.439345673398289,-2.454678072019221
1.0898241450476631,1.1713243106637306,1.2477075839147111,1.314289268026526,1.3711170173680352,1.4048784533897654,1.40904042171857,1.4354705551464382,1.4972506113132613,1.417256845872433,1.163117731556455,0.9471646271181852,0.7840014542760964,0.6236668246241986,-2.0001746664008064,-2.005051205447413,-2.0314593412394695,-2.073977510647374,-2.1272368744797867,-2.185841899191107,-2.2443646171694724,-2.2973441110933406,-2.339317399205743,-2.3649976002740254,-2.3774497547098883,-2.385533192059828,-2.391554825195907,-2.3935946214625505,-2.3897786139170902,-2.3782553146555747,-2.3571963287769786,-2.3247745630417036,-2.2791361126650496,-2.2184030823364735,-2.1391847021772548,-2.038641149828753,-1.906510272415025,-1.6909613867926068,-1.321689402350499,-0.8719777020154285,-0.542160051341405,-0.47350685419724237,-0.5931269881092721
-1.986800075089125,-2.012637842299818,-2.055218628087662,-2.108800743067528,-2.167626534636036,-2.225927956173277,-2.2779022040051475,-2.3177213626715436,-2.339695640391611,-2.345882040482169,-2.344496447888686,-2.3385102543786354,-2.3269810499980794,-2.309019869831335,-2.283758187614703,-2.250346393879115,-2.207942943892136,-2.1556825016138874,-2.092665935180301,-2.0167650176639245,-1.9260066717902253,-1.8214056369723293,-1.7074155761707135,-1.5861198216281207,-1.442261669917402,-1.2586043765386465,-1.0602195383421638,-0.9401813028986151,-0.8716035432642014,-0.7793937640217233,-0.6577017940998366,-0.5289761238182836,-0.399296719512377,-0.27023356481872524,-0.14326627748450907,-0.01979940920555227,0.09883626062011944,0.21143501007965432,0.3168096938436337,0.4139233657253911,0.503285977538112,0.5866722088858317,0.6651025098636101
-2.1398491096120713,-2.0877420571206105,-2.029153160200493,-1.9641638496572995,-1.8920637391046085,-1.8117223805751026,-1.7230784559134142,-1.6270503921568784,-1.524316392807133,-1.415647865256612,-1.3023473800351155,-1.1854620851564182,-1.064214574412326,-0.9406197353132297,-0.8145568415749008,-0.6820714398068465,-0.5409379720455862,-0.3936637277610827,-0.2437241664453931,-0.09408752680842425,0.05235262987391365,0.19280971301224462,0.3245788042484065,0.44503099778919014,0.5522101696939691,0.6474691276967561,0.7339063386001281,0.8130571557426951,0.8859586242735569,0.9536680941008029,1.0171950880872873,1.0775144835106452,1.13559419103205,1.1921351679211614,1.2457964812473807,1.3034316593031607,1.3759865595572616,1.4576079356851277,1.538212947290647,1.6121778244273852,1.6739390913768326,1.7179709702598451,1.7388154978360586
-0.7074050300241185,-0.5529100576163009,-0.3881659782585817,-0.21762562948034894,-0.04561519139969327,0.12351375400406255,0.28548125765201743,0.43613275885855946,0.5713546741468306,0.6883569931912028,0.7894136244076576,0.878868333071823,0.9587617715087405,1.0306674991302178,1.0961049003892838,1.156590983701932,1.2136270811794014,1.2686735641427118,1.3228024844296766,1.3755937562398934,1.4304043140174434,1.499980012325876,1.5820850591953597,1.6631035426012744,1.7369573009760433,1.7977530902454875,1.8396698723328841,1.856958786708747,1.8439091345263097,1.7941834749314178,1.69853871756504,1.5556813238851808,1.3757025434344363,1.2044096314245405,0.9937831898672443,0.74293859121662,-1.9167756099093207,-1.9144960583567345,-1.9371317921914173,-1.9779553819088183,-2.030350520827195,-2.087712792953388,-2.1434004089353853
1.2923623350581568,1.3466446593580446,1.3992710063044727,1.45176908589389,1.5048158627367267,1.562444351958695,1.6288930581450636,1.7065433329847892,1.788651102992233,1.8630979234527216,1.9236507094982145,1.9643115634873713,1.9786089519646473,1.960942702794287,1.904377427057195,1.799586334911699,1.6459879345759916,1.454241314249431,1.2360678934793168,1.0030755912828342,0.7735113450197281,-1.885937757146919,-1.8818248859027429,-1.9031048563704427,-1.9428602731899833,-1.9942840572782443,-2.0505771117547416,-2.1049218888600096,-2.1505255564549985,-2.180590066212671,-2.188294564394676,-2.1725961769354036,-2.137869285929824,-2.088592996912016,-2.0287532029363837,-1.9607723054825204,-1.8872657884016648,-1.8109541192781444,-1.7345799421555812,-1.6608691398626532,-1.5924968027798947,-1.5325553714702354,-1.482435176080838
1.9077718645846766,1.7446059832964813,1.542436098586015,1.3132030115896793,1.0688275135451075,0.8211266791017199,-1.8492062055747105,-1.8434305848624084,-1.863341472876514,-1.9018706035917923,-1.9520823897388309,-2.0070819687265526,-2.0599464836481034,-2.1037526588227253,-2.131600937878002,-2.136669777598594,-2.1195112367760567,-2.080452351201908,-2.021444861570479,-1.9519592094842846,-1.875350952441246,-1.7937394693466049,-1.7103423359755197,-1.6285642931805329,-1.5517807514967206,-1.4833327932730604,-1.4272774635260121,-1.3857765153517094,-1.3558612529625753,-1.332479120506625,-1.3108491621022007,-1.2854881971559198,-1.2503020595522563,-1.2005407001244286,-1.1291767914394049,-1.0329962214558732,-0.9116624920507097,-0.7568180962299168,-0.5667546791945313,-0.3549516670382122,-0.1320876852891589,0.09713771538876333,0.32571565359315635
-2.0762074350234614,-2.0563058249202784,-2.0136694971585456,-1.9485394876913806,-1.8725888690072707,-1.789530051753975,-1.70177748488765,-1.613164650108883,-1.5276337447257797,-1.4491127793751835,-1.3815305677234684,-1.3301701427460606,-1.2991456171662743,-1.2864517286003003,-1.2842602744498883,-1.2796251857066678,-1.2703194193122227,-1.2687087109251693,-1.2632934354232983,-1.223252936736433,-1.1497979817010298,-1.0405390069836786,-0.8737657538739121,-0.6564630049069041,-0.4149175837984317,-0.16257548770770475,0.09613642828671463,0.35308524673651914,0.5971059173736724,0.818567901302115,1.008512938634165,1.1617917270977645,1.2845871925093904,1.3861142552183652,1.4705926300048595,1.5415798842742847,1.6025751069070115,1.6570126400187477,1.7082713298655325,1.7596429703867615,1.814573697044583,1.877558008513637,1.954293318205222
-1.253678700942573,-1.2611831134858873,-1.2968131072993818,-1.3162040402329758,-1.2793435449466,-1.2050456862158792,-1.0843515649262232,-0.9136811086946747,-0.699902080879894,-0.45430734232865444,-0.1881310641422058,0.08733916492126897,0.3634977831353507,0.6334099822209981,0.8818745097413027,1.092294489763479,1.258745116573773,1.3890433481746356,1.4949941834536289,1.5820773777048436,1.6544195637961259,1.7160531763129918,1.770926433109551,1.8229403276606762,1.8758855028708734,1.9333852451769855,2.020810427669128,2.174409093674618,2.32232612873014,2.372440304855899,2.401047278200999,2.4717897012551893,2.5450736258164177,2.5932387741094676,2.608748910713776,2.582579894324441,2.498949718350406,2.345160259878152,2.131755266686423,1.8929185630392191,1.6415063201845352,1.3745784468227515,1.1045142109653505
1.1739151472107645,1.3546754907124048,1.4937930936994301,1.60532797319711,1.696246885853745,1.7711664366641853,1.834660827507226,1.8912343057510803,1.9452898340946125,2.001152586766413,2.0628788985133957,2.1865228519225792,2.470204484758018,2.7373723794911284,2.7220936834006264,2.6159100565167206,2.646061559514846,2.7267557679307344,2.7812315941743955,2.8014350157368737,2.7772701187855593,2.6911086624483405,2.5307510049297863,2.309117713148248,2.0609475220807725,1.8030395939444306,1.5327788603201729,1.2596736009225067,-1.629544665173968,-1.6188433002603935,-1.6320523921450296,-1.6624278261801626,-1.7033811230735876,-1.748355805380919,-1.7908871757305418,-1.8244933412866204,-1.8426940282890247,-1.8390589809844577,-1.809377463145523,-1.7554715199338131,-1.68269598425759,-1.596084898336778,-1.5008258502506364
2.807666261093909,2.8354970995618074,2.9238138430313927,2.9862685882712787,3.012915263146103,2.992416510511694,2.905254010789645,2.740173788205869,2.512575424830859,2.2552481191218483,1.9908920291928662,1.7196824638703407,1.4459467454713621,-1.560593306048824,-1.5489841723540878,-1.560242781266487,-1.5878570933258733,-1.625527140829743,-1.6669808830056874,-1.7059559909357422,-1.736236525379099,-1.7516388924713633,-1.7460510087908307,-1.7148744886323912,-1.6590520573018646,-1.5838702088468068,-1.494841845285644,-1.3975165466657422,-1.297248292843908,-1.1996389253183342,-1.110378991999308,-1.0350693539684002,-0.9793351675018919,-0.9485728728732594,-0.9475346446517674,-0.9866764504243364,-1.0709208695061623,-1.1617951804100861,-1.1540945808968197,-1.2105302602094237,-1.3226735581632212,-1.3156078153140665,-1.2545692408930433
-1.4858318295881203,-1.510519958639816,-1.5446643118891243,-1.582286654197861,-1.6174426266091506,-1.644219720558791,-1.6567103268629277,-1.6491451820720642,-1.616752926208398,-1.5596359682523844,-1.4828431023982547,-1.3924419823842829,-1.2937345101225675,-1.191491017417389,-1.0931473780106578,-1.004794105746461,-0.9320115166765344,-0.8810442579080286,-0.8592544212370732,-0.8698322173758285,-0.9132069991826862,-1.008208235353893,-1.1179095356776858,-1.163838135740128,-1.2133559988719949,-1.2980349245236769,-1.3233402764154392,-1.266335402475155,-1.141332936670767,-0.9456149991188996,-0.6901903510095605,-0.39048583320403213,-0.06194169748466405,0.28014456834444557,0.6204857021097927,0.9438195535199273,1.2350539353237886,1.4791375347028664,1.6699526162334337,1.818118135417755,1.9358922880311789,2.029223332150634,2.1040211528006765
