wind.json
{"header": { "parameterCategory": 2, "parameterNumber": 3, "nx": 21, "ny": 17, "lo1": 123.9010009765625, "la1": 32.5795783996582, "lo2": 130.785400390625, "la2": 39.289939880371094, "dx": 0.344219970703125, "dy": 0.41939759254455566, "refTime": "2025-06-30T00:00:00Z", "surface1Type": 100, "surface1Value": 100000.0, "forecastTime": 0, "scanMode": 0 }, "data":
[rows 0 to 16 of 17, columns 0 to 20 of 21]
6.255216190286691,6.078278721095253,5.859425135035781,5.490426465553151,5.002169221962325,4.565919194641913,4.235879388020927,3.9396632018549687,3.6124263170365567,3.264861702317289,2.8964168332782254,2.515026058536724,2.3217602167195883,1.7265536998945044,1.239411313610383,0.8353583128857028,0.6049871978002562,6.264410680351657,6.142386260381803,5.977324656122587,5.571166446288143
4.978749743082218,4.519041227581661,4.31496668544057,4.1923105004219146,3.990221099696435,3.759218510397926,3.3978577766202345,2.7817145987411607,2.0688805746429977,1.4598944352285408,0.876317746663232,0.4783593728801427,0.22530482095142074,6.37418302648397,6.296059975894655,6.1978016687192286,5.754632638330383,5.052941528220097,4.586762078810142,5.992746705360525,5.420985639001635
4.563017729752037,4.2427587447302395,3.7936654973173023,3.1377232142062446,2.386362132312484,1.7411785068840855,1.1702826354614015,0.697008547026086,0.22065970309558505,6.551396344317122,6.500225047497611,6.46644543119346,5.991850322685869,5.19222982022847,4.726735430372677,4.944513987458424,5.408347049671986,5.172665654432754,4.685431786731898,4.129357865365319,3.5444011530967456
2.9246109971610674,2.3702355342648365,1.9253887664434584,1.3863785139475242,0.47534753913945604,6.771701091625985,6.717049749210743,6.704981185906114,6.292561611141622,5.463324310635734,4.978854182481765,5.0993164077382485,5.343285903576234,5.194891053194589,4.746110687640422,4.233087767302853,3.6921627226815126,3.1572663221580113,2.775010006284848,2.5515399546555986,2.05584730220228
0.885513574155137,7.0140546330170075,6.913563418694884,6.842945013249515,6.506338189662448,5.978459769601518,5.489816811451155,4.601460063148162,4.196175396898869,4.025826398478974,4.0464650012430505,3.869951746678396,3.25684317743239,2.5942429647534824,2.572984187438503,2.530644136191184,2.3929255480095204,1.5144392343630932,7.293440671799503,7.127044452327105,6.94510770643155
6.801511737193716,6.63459120156935,6.007657921007622,4.2924960679697,2.9369918471216234,2.641137107803826,3.186530655160638,3.321031534926346,2.444349727696388,1.5093375522170476,1.5500478626731176,2.0847033614362758,2.549133898299975,2.563152749528773,7.579209569904684,7.369826974045805,7.0913269997844965,6.995479340712835,7.10187459300155,6.300476520524695,3.956489200293357
2.0025651713589316,2.000522401801247,2.5915653621271426,3.2628549390378754,1.7645374890518317,0.5725570560028662,0.8004851609600908,1.9517224377032838,3.025318096549229,3.919190118020729,7.840972105851539,7.638775265507602,7.334452266028984,7.176411795833465,7.187296679035566,6.122648275894434,3.6264288158419293,1.5926358964215706,1.0033874630621888,2.4277143437672217,2.0517260568516815
1.3951549608587193,0.643094228059779,1.011474581137998,2.6351491194946317,4.261434565037155,5.194938327084855,8.104942689886904,7.932143908261918,7.634868424485042,7.328658802070048,7.050765792530048,5.893612554969364,3.2853437363779827,1.0151127461079783,1.2177981958902682,1.8604473316985097,1.3690653236211523,0.8363029557657674,2.315382056683528,1.9718195378785444,4.249109101111553
6.152910020918665,6.396731981815083,8.395616945359388,8.215774650182109,7.866559773172747,7.4176839900093405,6.907429468612472,5.7184677859625,3.0483823031593076,0.8844486681321876,1.4158833041831143,1.05295531628308,0.7042078954362946,0.18791805727670804,0.4375864365730327,2.711030361353774,5.585038347539703,7.629915559446833,7.194904749194821,8.781066672298445,8.532071292799419
7.992640327503196,7.475388310665596,6.990307357831717,5.833867120487386,3.1338317653584777,1.4932211522484842,0.40323017546930756,0.30146350599081806,0.29366204245976885,-0.2335983636374002,1.4843570416222807,2.5564682303361215,5.673302140864549,7.781643280259288,7.340165564300963,9.226008040083155,8.869534098746296,8.046284898668125,7.477814224244729,7.12874755010022,6.091467026908669
4.083317620300042,2.4811004029636314,0.26873821937855846,1.0956539045592248,0.33054645389050114,-0.3510581752218648,0.24968722249330016,1.8948103080992373,4.797848433638283,6.88746178217193,6.956521409181003,9.458616985855942,9.001453360485563,7.948723401902601,7.254358624016991,6.848425069342586,5.833673350914055,3.718766672246934,1.2116212977586371,1.3998199639190236,0.9326917946868153
0.5430997409461972,-0.1204336355664423,-0.4266116395996581,0.8865482931775195,4.412477850369632,5.808463004045684,6.459478085371161,9.316613548406663,8.72935991188041,7.5539250584651105,6.464708475794749,5.35894365543954,4.172111003853732,2.6012313981813358,1.7542468372375524,1.8185234956302683,0.9047237195401526,1.4803818501980186,0.2721614724697921,0.8448970636375063,1.8244563186609049
3.530236495531307,5.158218764535154,6.1356142076100575,8.914635957091237,8.1651296847638,6.950666214069761,5.399052245731165,3.5786358619861285,2.369831191908904,1.6488123874066307,1.4348085060953497,1.3889960003336834,1.3163301207189915,1.5234429563727925,2.586121043074144,1.5645929067538942,2.6772450455801415,3.461647223752782,4.62774316461321,5.831766279528157,8.40594475167279
7.6039685364333565,6.598553952545618,5.609500045778546,2.9718074446754974,1.244635793175022,1.2673652303728422,1.4025267622193525,2.7705647046023953,1.4115409701400345,2.544501923196327,2.5025648346578437,3.15214881298911,3.325657513076241,3.474938485880915,4.276009768449688,5.577693425866868,7.883990651114678,7.329189232932971,6.707618861733042,7.196496530783061,5.250066116151818
4.636671645570598,1.0604411230191881,1.5570007909620007,2.0714761782452564,3.669237974571661,3.9105359928806886,2.866699187765435,3.437389655569079,3.5231388147042835,3.5222710026096133,4.183287109099686,5.310577668060996,7.280350356300998,7.174309390659199,7.042762907734108,7.316439794626993,3.4146304159114655,5.279432891220026,1.8129603968004866,2.4152931642951327,4.3591536034492435
4.379351261313629,5.266768147748741,2.477649088478106,2.8844347202206406,3.314737886491458,3.7352126293756456,4.267895069498519,4.905891657140262,6.423833543092691,6.615110700732771,6.700734687268856,5.793901707642484,3.8182537979440196,3.1304963848231218,4.277026371224078,2.4192530780885226,3.708102253917326,3.4939753823711035,2.082337544092986,2.3030531635079634,2.6521216586132623
3.4374140382763483,4.222803054007662,4.55886148053353,4.654469533639813,4.717037165096868,4.671435856858845,4.604191823679636,4.06515791393623,2.972264005141225,1.8825556092391422,2.532741548670183,1.456704567756708,1.6543656552626433,2.127705414757165,2.0396198904298055,3.0364424512415855,3.9021039809758373,4.730211956954648,5.343733370740345,5.340517332033579,4.979733908179315
