wind-20250725-1.0.json
{"header": { "parameterCategory": 2, "parameterNumber": 3, "nx": 360, "ny": 181, "lo1": 0.0, "la1": 90.0, "lo2": 359.0, "la2": -90.0, "dx": 1.0, "dy": 1.0, "refTime": "2025-07-25T00:00:00Z", "surface1Type": 100, "surface1Value": 100000.0, "forecastTime": 0, "scanMode": 0 }, "data":
[rows 133 to 151 of 181, columns 220 to 263 of 360]
-8.541156005859376,-8.391156005859376,-8.621156005859374,-8.161156005859375,-7.1511560058593755,-6.041156005859375,-5.971156005859375,-4.9411560058593755,-4.6511560058593755,-3.431156005859375,-3.191156005859375,-5.1111560058593755,-2.821156005859375,-1.041156005859375,1.118843994140625,2.718843994140625,4.688843994140625,6.288843994140625,7.208843994140625,5.768843994140625,3.018843994140625,-0.17115600585937502,-6.851156005859375,-14.211156005859376,-14.001156005859375,-12.251156005859375,-11.821156005859375,-17.311156005859374,-15.331156005859375,-15.741156005859375,-15.261156005859375,-14.841156005859375,-14.631156005859376,-12.891156005859376,-13.021156005859375,-12.201156005859374,-11.181156005859375,-9.641156005859376,-7.951156005859375,-7.1511560058593755,-6.171156005859375,-4.681156005859375,-4.161156005859375,-2.091156005859375
-7.081156005859375,-7.541156005859375,-7.331156005859375,-6.551156005859375,-6.081156005859375,-5.301156005859375,-5.241156005859375,-4.891156005859375,-4.431156005859375,-3.281156005859375,-2.431156005859375,-5.121156005859375,-2.381156005859375,0.098843994140625,1.848843994140625,3.758843994140625,6.478843994140625,8.918843994140625,9.338843994140625,8.608843994140626,8.698843994140626,4.5088439941406255,-9.641156005859376,-16.311156005859374,-18.431156005859375,-14.091156005859375,-18.161156005859375,-17.421156005859377,-16.821156005859375,-16.941156005859376,-16.331156005859377,-15.691156005859375,-14.901156005859375,-13.871156005859376,-13.471156005859376,-12.141156005859376,-10.751156005859375,-9.401156005859375,-7.8611560058593755,-7.321156005859375,-7.241156005859375,-5.471156005859375,-3.791156005859375,-2.181156005859375
-5.101156005859375,-5.821156005859375,-6.021156005859375,-6.241156005859375,-6.331156005859375,-5.791156005859375,-5.571156005859375,-5.591156005859375,-4.991156005859375,-3.381156005859375,-3.811156005859375,-4.211156005859375,-1.5011560058593751,0.548843994140625,2.478843994140625,5.408843994140625,8.778843994140626,10.348843994140625,9.098843994140625,10.068843994140625,1.088843994140625,-3.951156005859375,-10.061156005859376,-15.101156005859375,-17.951156005859374,-17.381156005859374,-17.501156005859375,-16.781156005859376,-16.991156005859374,-16.321156005859375,-16.121156005859376,-15.581156005859375,-15.111156005859375,-14.501156005859375,-13.621156005859376,-12.481156005859376,-10.881156005859376,-9.721156005859376,-7.991156005859375,-8.431156005859375,-6.301156005859375,-5.091156005859375,-4.371156005859375,-2.811156005859375
-5.031156005859375,-5.321156005859375,-6.481156005859376,-6.661156005859375,-6.031156005859375,-5.591156005859375,-5.8611560058593755,-4.931156005859375,-4.351156005859375,-3.951156005859375,-5.8611560058593755,-3.251156005859375,-0.401156005859375,1.348843994140625,3.9388439941406252,7.268843994140625,9.488843994140625,11.838843994140625,12.058843994140625,9.248843994140625,-4.551156005859375,-5.821156005859375,-11.221156005859376,-14.811156005859376,-15.621156005859376,-16.391156005859376,-15.681156005859375,-15.921156005859375,-16.481156005859376,-16.111156005859375,-15.821156005859375,-15.451156005859376,-15.081156005859375,-14.741156005859375,-13.491156005859375,-11.751156005859375,-11.121156005859374,-9.631156005859376,-9.051156005859376,-7.261156005859375,-6.4411560058593755,-5.841156005859375,-4.571156005859375,-3.331156005859375
-3.681156005859375,-4.551156005859375,-5.321156005859375,-4.891156005859375,-5.1911560058593755,-4.631156005859375,-4.231156005859375,-3.801156005859375,-4.341156005859375,-5.371156005859375,-2.941156005859375,-2.031156005859375,0.108843994140625,1.228843994140625,4.318843994140625,6.108843994140625,8.998843994140625,8.528843994140626,7.948843994140625,5.418843994140625,-10.061156005859376,-11.411156005859375,-13.151156005859375,-15.051156005859376,-13.721156005859376,-14.161156005859375,-15.691156005859375,-15.521156005859375,-14.531156005859375,-15.291156005859376,-14.901156005859375,-14.821156005859375,-14.821156005859375,-13.641156005859376,-12.781156005859375,-12.171156005859375,-10.931156005859375,-9.781156005859375,-9.301156005859376,-7.851156005859375,-6.771156005859375,-5.961156005859375,-5.371156005859375,-4.911156005859375
-3.381156005859375,-3.981156005859375,-3.731156005859375,-6.021156005859375,-4.501156005859375,-4.381156005859375,-5.141156005859375,-5.421156005859375,-5.3611560058593755,-3.081156005859375,-1.781156005859375,-1.071156005859375,0.228843994140625,2.498843994140625,2.498843994140625,6.778843994140625,8.468843994140625,11.348843994140625,2.288843994140625,3.968843994140625,-0.671156005859375,-8.871156005859374,-11.691156005859375,-12.551156005859376,-13.621156005859376,-13.921156005859375,-14.261156005859375,-13.921156005859375,-14.331156005859375,-14.821156005859375,-14.781156005859375,-15.191156005859375,-15.241156005859375,-13.141156005859376,-12.561156005859376,-12.241156005859375,-11.201156005859374,-10.111156005859375,-9.291156005859376,-8.151156005859375,-7.481156005859376,-6.921156005859375,-5.9411560058593755,-5.101156005859375
-1.031156005859375,-1.171156005859375,-2.321156005859375,-2.521156005859375,-3.1611560058593753,-3.811156005859375,-3.401156005859375,-2.881156005859375,-1.561156005859375,-2.081156005859375,-0.811156005859375,-0.581156005859375,0.31884399414062503,2.328843994140625,2.1888439941406252,4.738843994140625,8.048843994140626,8.598843994140625,7.738843994140625,-5.931156005859375,-3.701156005859375,-5.631156005859375,-8.371156005859374,-10.071156005859375,-11.811156005859376,-12.421156005859375,-13.051156005859376,-13.531156005859375,-14.021156005859375,-15.181156005859375,-15.771156005859375,-15.471156005859376,-13.821156005859375,-13.491156005859375,-12.401156005859375,-11.871156005859374,-11.171156005859375,-9.841156005859375,-9.581156005859375,-8.611156005859375,-8.351156005859375,-7.9011560058593755,-6.881156005859375,-5.751156005859375
-1.441156005859375,-1.791156005859375,-1.561156005859375,-1.571156005859375,-2.111156005859375,-3.071156005859375,-3.4111560058593753,-2.701156005859375,-1.171156005859375,-0.151156005859375,0.908843994140625,0.878843994140625,1.078843994140625,2.638843994140625,1.338843994140625,2.9588439941406253,5.118843994140625,6.748843994140625,7.688843994140625,3.128843994140625,-7.161156005859375,-8.111156005859375,-9.181156005859375,-10.541156005859376,-11.571156005859375,-12.491156005859375,-13.271156005859375,-14.491156005859375,-14.951156005859374,-15.341156005859375,-15.551156005859376,-14.851156005859375,-14.121156005859376,-13.731156005859376,-12.781156005859375,-12.011156005859375,-11.291156005859376,-10.151156005859375,-10.241156005859375,-9.451156005859374,-8.741156005859375,-8.251156005859375,-7.021156005859375,-6.121156005859375
-3.721156005859375,-3.811156005859375,-2.231156005859375,-1.641156005859375,-0.901156005859375,-2.701156005859375,-2.201156005859375,-1.461156005859375,-1.021156005859375,0.138843994140625,0.5988439941406251,0.998843994140625,2.4188439941406252,1.378843994140625,2.258843994140625,3.288843994140625,4.958843994140625,4.608843994140625,4.9288439941406255,4.658843994140625,3.028843994140625,-6.741156005859375,-9.901156005859375,-10.701156005859374,-12.111156005859375,-13.411156005859375,-14.261156005859375,-15.261156005859375,-15.861156005859375,-15.181156005859375,-15.101156005859375,-15.051156005859376,-14.411156005859375,-13.901156005859375,-13.181156005859375,-12.421156005859375,-11.631156005859376,-10.491156005859375,-10.581156005859375,-9.971156005859376,-9.161156005859375,-8.771156005859375,-7.871156005859375,-6.471156005859375
-4.6111560058593755,-2.721156005859375,-4.561156005859375,-3.321156005859375,-3.271156005859375,-2.381156005859375,-1.681156005859375,-1.391156005859375,-1.431156005859375,-1.001156005859375,0.028843994140625,0.128843994140625,1.528843994140625,2.318843994140625,2.028843994140625,2.538843994140625,3.608843994140625,3.398843994140625,3.068843994140625,2.348843994140625,1.768843994140625,0.508843994140625,-11.301156005859376,-12.101156005859375,-13.151156005859375,-14.161156005859375,-14.251156005859375,-15.341156005859375,-15.821156005859375,-16.121156005859376,-14.951156005859374,-15.711156005859376,-14.931156005859375,-14.001156005859375,-13.401156005859375,-12.991156005859375,-12.251156005859375,-11.581156005859375,-11.071156005859375,-10.701156005859374,-10.001156005859375,-9.451156005859374,-8.791156005859376,-7.631156005859375
-5.051156005859375,-4.921156005859375,-4.971156005859375,-5.041156005859375,-4.351156005859375,-3.1011560058593752,-2.161156005859375,-2.281156005859375,-1.871156005859375,-0.151156005859375,0.168843994140625,-1.771156005859375,0.718843994140625,1.228843994140625,3.618843994140625,3.908843994140625,2.778843994140625,3.018843994140625,0.508843994140625,1.358843994140625,-1.821156005859375,-1.271156005859375,-1.621156005859375,-9.791156005859376,-13.311156005859376,-12.701156005859374,-15.011156005859375,-14.911156005859375,-16.251156005859375,-17.131156005859374,-17.551156005859376,-16.341156005859375,-16.141156005859376,-15.341156005859375,-14.891156005859376,-14.511156005859375,-13.431156005859375,-12.781156005859375,-12.221156005859376,-11.311156005859376,-10.081156005859375,-10.001156005859375,-8.741156005859375,-7.731156005859376
-2.541156005859375,-6.931156005859375,-7.041156005859375,-6.731156005859376,-5.801156005859375,-4.951156005859375,-3.801156005859375,-4.511156005859375,-3.231156005859375,-0.851156005859375,0.258843994140625,-1.011156005859375,-2.591156005859375,-1.411156005859375,0.948843994140625,3.128843994140625,4.258843994140625,4.438843994140625,0.108843994140625,-0.721156005859375,-1.781156005859375,-3.841156005859375,-5.001156005859375,-5.331156005859375,-7.161156005859375,-8.691156005859375,-13.081156005859375,-14.741156005859375,-15.811156005859376,-16.281156005859376,-16.501156005859375,-16.401156005859374,-15.861156005859375,-15.801156005859376,-15.551156005859376,-15.731156005859376,-15.061156005859376,-13.581156005859375,-12.561156005859376,-12.051156005859376,-10.611156005859375,-9.841156005859375,-8.901156005859375,-8.001156005859375
4.028843994140625,-3.031156005859375,-6.521156005859375,-8.161156005859375,-8.451156005859374,-7.471156005859375,-6.491156005859375,-5.1911560058593755,-4.881156005859375,-2.481156005859375,-0.151156005859375,-1.111156005859375,-4.381156005859375,-0.871156005859375,0.148843994140625,1.598843994140625,2.078843994140625,3.088843994140625,3.748843994140625,-0.431156005859375,-3.8911560058593753,-3.721156005859375,-5.301156005859375,-5.571156005859375,-7.321156005859375,-7.9411560058593755,-9.141156005859376,-10.221156005859376,-14.811156005859376,-15.771156005859375,-17.221156005859374,-17.851156005859377,-16.881156005859374,-15.621156005859376,-15.661156005859375,-15.451156005859376,-15.431156005859375,-14.661156005859375,-13.241156005859375,-12.621156005859376,-11.501156005859375,-10.371156005859374,-9.431156005859375,-8.711156005859376
2.178843994140625,-1.601156005859375,0.938843994140625,-7.211156005859375,-9.521156005859375,-9.621156005859374,-9.051156005859376,-8.021156005859375,-7.301156005859375,-5.821156005859375,-2.321156005859375,-4.531156005859375,-5.031156005859375,-5.971156005859375,-2.501156005859375,-0.38115600585937504,1.628843994140625,2.6688439941406252,3.758843994140625,1.408843994140625,2.428843994140625,2.498843994140625,-4.4411560058593755,-6.331156005859375,-6.9011560058593755,-7.781156005859375,-7.511156005859375,-8.771156005859375,-9.971156005859376,-15.031156005859375,-16.101156005859377,-16.841156005859375,-18.291156005859374,-17.761156005859377,-16.741156005859374,-15.571156005859375,-15.831156005859375,-15.071156005859375,-13.881156005859376,-12.941156005859375,-11.551156005859376,-10.561156005859376,-9.111156005859375,-8.211156005859376
3.358843994140625,2.518843994140625,0.44884399414062504,-2.861156005859375,-7.071156005859375,-10.961156005859376,-11.071156005859375,-10.481156005859376,-9.871156005859374,-8.981156005859376,-7.331156005859375,-7.6911560058593755,-7.4411560058593755,-6.601156005859375,-4.731156005859375,-2.661156005859375,-1.021156005859375,-0.491156005859375,0.23884399414062502,1.5388439941406251,1.328843994140625,-0.091156005859375,-0.14115600585937502,-1.431156005859375,-6.771156005859375,-7.711156005859375,-8.171156005859375,-8.791156005859376,-8.881156005859376,-10.211156005859376,-15.351156005859375,-16.931156005859375,-18.381156005859374,-18.861156005859375,-19.061156005859374,-16.851156005859377,-15.501156005859375,-15.411156005859375,-13.931156005859375,-12.631156005859376,-12.201156005859374,-11.471156005859376,-9.521156005859375,-8.251156005859375
2.408843994140625,1.948843994140625,0.688843994140625,-2.531156005859375,-2.8511560058593752,-4.801156005859375,-13.421156005859375,-12.791156005859376,-11.761156005859375,-11.381156005859376,-10.491156005859375,-9.351156005859375,-8.071156005859375,-6.921156005859375,-5.6511560058593755,-4.661156005859375,-3.771156005859375,-2.131156005859375,-1.361156005859375,-0.611156005859375,0.918843994140625,1.168843994140625,0.738843994140625,0.388843994140625,0.648843994140625,-5.841156005859375,-6.731156005859376,-8.601156005859375,-9.521156005859375,-10.171156005859375,-13.921156005859375,-16.811156005859374,-17.841156005859375,-18.671156005859377,-18.681156005859375,-18.261156005859377,-16.101156005859377,-15.871156005859376,-14.381156005859376,-12.621156005859376,-12.181156005859375,-11.541156005859376,-10.401156005859375,-8.471156005859376
0.808843994140625,-0.871156005859375,-1.121156005859375,-1.591156005859375,-5.841156005859375,-5.1911560058593755,-4.6111560058593755,-13.381156005859376,-14.281156005859375,-13.431156005859375,-12.581156005859375,-11.341156005859375,-10.021156005859375,-8.951156005859374,-7.991156005859375,-6.491156005859375,-5.411156005859375,-5.231156005859375,-2.611156005859375,-3.1211560058593752,-1.321156005859375,0.9888439941406251,0.198843994140625,0.23884399414062502,-0.301156005859375,-1.781156005859375,-2.531156005859375,-5.921156005859375,-7.421156005859375,-10.661156005859375,-12.451156005859374,-15.401156005859375,-16.881156005859374,-17.381156005859374,-17.231156005859376,-16.721156005859374,-16.151156005859374,-15.321156005859375,-13.661156005859375,-12.121156005859376,-10.991156005859375,-10.651156005859375,-9.761156005859375,-8.071156005859375
0.098843994140625,-2.001156005859375,-3.431156005859375,-4.121156005859375,-4.661156005859375,-7.3611560058593755,-8.061156005859376,-8.231156005859376,-12.541156005859376,-14.491156005859375,-14.591156005859375,-13.421156005859375,-12.581156005859375,-11.551156005859376,-10.111156005859375,-8.511156005859375,-6.8611560058593755,-6.041156005859375,-5.791156005859375,-5.281156005859375,-3.6611560058593753,-3.171156005859375,-1.061156005859375,-1.921156005859375,-1.461156005859375,-2.171156005859375,-2.971156005859375,-4.981156005859375,-6.531156005859375,-8.241156005859375,-10.711156005859376,-12.591156005859375,-13.751156005859375,-14.391156005859376,-14.221156005859376,-14.051156005859376,-14.171156005859375,-13.711156005859376,-12.201156005859374,-10.941156005859375,-10.471156005859376,-10.161156005859375,-9.231156005859376,-8.061156005859376
1.178843994140625,-2.3911560058593753,-4.431156005859375,-5.461156005859375,-5.911156005859375,-7.9411560058593755,-8.901156005859375,-8.671156005859375,-9.521156005859375,-12.311156005859376,-14.741156005859375,-14.391156005859376,-14.381156005859376,-13.391156005859376,-11.851156005859375,-9.141156005859376,-8.461156005859376,-7.161156005859375,-6.701156005859375,-6.251156005859375,-4.791156005859375,-4.221156005859375,-5.021156005859375,-4.671156005859375,-3.901156005859375,-4.051156005859375,-2.701156005859375,-4.581156005859375,-6.181156005859375,-7.481156005859376,-8.831156005859375,-10.371156005859374,-11.261156005859375,-11.341156005859375,-11.851156005859375,-12.691156005859375,-12.331156005859375,-11.421156005859375,-10.891156005859376,-10.011156005859375,-9.421156005859375,-9.681156005859375,-8.601156005859375,-7.721156005859375
