wind-20250725-1.0.json
{"header": { "parameterCategory": 2, "parameterNumber": 2, "nx": 360, "ny": 181, "lo1": 0.0, "la1": 90.0, "lo2": 359.0, "la2": -90.0, "dx": 1.0, "dy": 1.0, "refTime": "2025-07-25T00:00:00Z", "surface1Type": 100, "surface1Value": 100000.0, "forecastTime": 0, "scanMode": 0 }, "data":
[rows 80 to 99 of 181, columns 176 to 219 of 360]
-7.32150634765625,-7.18150634765625,-6.7915063476562505,-6.70150634765625,-6.5815063476562505,-6.09150634765625,-6.52150634765625,-6.07150634765625,-6.55150634765625,-6.55150634765625,-7.69150634765625,-6.09150634765625,-5.65150634765625,-6.44150634765625,-6.09150634765625,-4.5815063476562505,-4.7515063476562505,-5.11150634765625,-3.66150634765625,-3.35150634765625,-0.99150634765625,0.14849365234375,-4.07150634765625,-6.371506347656251,-3.94150634765625,-4.44150634765625,-1.54150634765625,1.6484936523437501,0.98849365234375,0.34849365234375,2.14849365234375,0.12849365234375001,0.36849365234375003,1.48849365234375,1.23849365234375,1.33849365234375,2.72849365234375,4.09849365234375,3.13849365234375,4.58849365234375,3.2784936523437502,3.39849365234375,3.50849365234375,1.09849365234375
-6.5015063476562505,-6.95150634765625,-5.81150634765625,-5.2515063476562505,-5.30150634765625,-5.5015063476562505,-4.86150634765625,-5.76150634765625,-6.02150634765625,-5.81150634765625,-4.28150634765625,-5.45150634765625,-4.20150634765625,-5.23150634765625,-4.87150634765625,-4.94150634765625,-4.42150634765625,-3.2615063476562502,-4.11150634765625,-2.07150634765625,-0.53150634765625,-1.04150634765625,0.86849365234375,3.3184936523437503,0.91849365234375,1.96849365234375,3.5484936523437502,2.58849365234375,3.71849365234375,4.01849365234375,4.02849365234375,3.03849365234375,1.21849365234375,0.86849365234375,1.69849365234375,1.6684936523437501,4.69849365234375,3.67849365234375,1.6484936523437501,2.08849365234375,2.93849365234375,3.0284936523437502,1.81849365234375,6.02849365234375
-5.99150634765625,-4.7515063476562505,-4.19150634765625,-5.18150634765625,-4.60150634765625,-5.62150634765625,-4.71150634765625,-4.32150634765625,-4.89150634765625,-5.20150634765625,-2.94150634765625,-3.71150634765625,-4.32150634765625,-4.20150634765625,-4.48150634765625,-5.66150634765625,-5.19150634765625,-4.64150634765625,-4.15150634765625,-3.2415063476562502,-3.11150634765625,-1.44150634765625,1.35849365234375,0.82849365234375,1.02849365234375,0.73849365234375,3.07849365234375,2.72849365234375,3.35849365234375,2.84849365234375,0.44849365234375,-0.27150634765625,-0.38150634765625,2.18849365234375,-1.24150634765625,1.51849365234375,1.47849365234375,0.08849365234375,0.36849365234375003,0.22849365234375,2.98849365234375,2.37849365234375,2.48849365234375,5.20849365234375
-6.35150634765625,-5.2915063476562505,-3.46150634765625,-4.93150634765625,-4.56150634765625,-4.03150634765625,-4.2915063476562505,-4.5815063476562505,-3.42150634765625,-4.71150634765625,-2.87150634765625,-2.79150634765625,-4.74150634765625,-4.94150634765625,-5.93150634765625,-5.73150634765625,-6.2515063476562505,-5.56150634765625,-4.55150634765625,-3.86150634765625,-3.65150634765625,-2.54150634765625,-1.77150634765625,-1.07150634765625,-0.12150634765625,1.33849365234375,1.18849365234375,1.61849365234375,1.9284936523437501,1.48849365234375,-0.21150634765625,-3.11150634765625,-1.60150634765625,0.34849365234375,-0.87150634765625,-1.06150634765625,-1.02150634765625,-0.86150634765625,-1.28150634765625,0.68849365234375,0.9584936523437501,0.9784936523437501,1.21849365234375,1.63849365234375
-4.72150634765625,-4.18150634765625,-5.22150634765625,-4.55150634765625,-5.03150634765625,-4.65150634765625,-4.87150634765625,-4.93150634765625,-4.86150634765625,-4.09150634765625,-3.52150634765625,-3.54150634765625,-4.49150634765625,-5.03150634765625,-5.61150634765625,-5.85150634765625,-5.87150634765625,-4.76150634765625,-5.73150634765625,-4.84150634765625,-3.7815063476562503,-3.56150634765625,-2.64150634765625,-2.37150634765625,-1.29150634765625,-0.19150634765625,1.35849365234375,0.18849365234375,0.48849365234375003,-0.84150634765625,-2.70150634765625,-2.80150634765625,-2.21150634765625,-2.19150634765625,-2.4915063476562502,-1.93150634765625,-3.2415063476562502,-1.3715063476562501,-2.14150634765625,-1.31150634765625,-0.8115063476562501,0.31849365234375,-1.54150634765625,-0.69150634765625
-4.3315063476562505,-4.41150634765625,-5.02150634765625,-4.76150634765625,-5.5415063476562505,-4.87150634765625,-4.77150634765625,-5.39150634765625,-4.69150634765625,-4.42150634765625,-4.76150634765625,-4.67150634765625,-5.42150634765625,-5.09150634765625,-5.36150634765625,-5.60150634765625,-5.3315063476562505,-5.24150634765625,-5.0415063476562505,-5.69150634765625,-4.61150634765625,-4.21150634765625,-3.04150634765625,-2.82150634765625,-1.58150634765625,-1.14150634765625,-0.32150634765625,-1.6115063476562501,-2.0115063476562502,-3.20150634765625,-3.41150634765625,-4.18150634765625,-3.82150634765625,-3.90150634765625,-3.7615063476562502,-3.7815063476562503,-3.42150634765625,-3.60150634765625,-2.98150634765625,-2.16150634765625,-2.07150634765625,-2.30150634765625,-2.68150634765625,-2.93150634765625
-4.93150634765625,-4.5415063476562505,-6.14150634765625,-5.22150634765625,-5.63150634765625,-5.76150634765625,-5.34150634765625,-4.44150634765625,-4.78150634765625,-5.12150634765625,-5.5815063476562505,-4.91150634765625,-4.80150634765625,-6.14150634765625,-5.15150634765625,-6.38150634765625,-5.2915063476562505,-4.92150634765625,-5.7515063476562505,-5.39150634765625,-4.7915063476562505,-4.05150634765625,-3.62150634765625,-2.25150634765625,-1.91150634765625,-0.83150634765625,-2.95150634765625,-3.20150634765625,-3.69150634765625,-4.31150634765625,-4.55150634765625,-4.85150634765625,-4.39150634765625,-4.41150634765625,-4.53150634765625,-3.94150634765625,-4.64150634765625,-5.03150634765625,-4.85150634765625,-4.22150634765625,-3.29150634765625,-4.23150634765625,-3.7815063476562503,-3.65150634765625
-5.0815063476562505,-5.47150634765625,-6.09150634765625,-5.53150634765625,-5.37150634765625,-5.69150634765625,-5.55150634765625,-5.14150634765625,-5.03150634765625,-5.12150634765625,-5.34150634765625,-4.90150634765625,-4.80150634765625,-5.95150634765625,-5.77150634765625,-6.07150634765625,-5.95150634765625,-5.59150634765625,-6.07150634765625,-5.24150634765625,-4.91150634765625,-4.63150634765625,-4.03150634765625,-3.06150634765625,-3.0515063476562503,-2.12150634765625,-2.80150634765625,-4.51150634765625,-4.7915063476562505,-5.26150634765625,-5.82150634765625,-5.12150634765625,-5.7915063476562505,-5.57150634765625,-4.93150634765625,-4.80150634765625,-4.16150634765625,-5.35150634765625,-5.84150634765625,-5.80150634765625,-5.27150634765625,-5.16150634765625,-4.55150634765625,-4.31150634765625
-5.46150634765625,-5.62150634765625,-5.73150634765625,-6.28150634765625,-6.16150634765625,-5.07150634765625,-5.42150634765625,-5.02150634765625,-5.21150634765625,-5.73150634765625,-6.09150634765625,-5.52150634765625,-5.46150634765625,-5.95150634765625,-5.44150634765625,-6.18150634765625,-5.94150634765625,-6.32150634765625,-5.87150634765625,-5.99150634765625,-4.99150634765625,-5.02150634765625,-4.53150634765625,-3.63150634765625,-3.54150634765625,-3.69150634765625,-3.46150634765625,-5.09150634765625,-5.81150634765625,-5.70150634765625,-6.371506347656251,-6.16150634765625,-5.70150634765625,-5.5815063476562505,-5.14150634765625,-4.31150634765625,-4.45150634765625,-4.72150634765625,-5.22150634765625,-6.03150634765625,-6.01150634765625,-5.77150634765625,-4.95150634765625,-4.80150634765625
-5.90150634765625,-5.2915063476562505,-5.63150634765625,-6.28150634765625,-6.5015063476562505,-5.20150634765625,-5.3315063476562505,-5.74150634765625,-5.78150634765625,-5.95150634765625,-5.97150634765625,-5.47150634765625,-5.46150634765625,-4.76150634765625,-5.24150634765625,-5.73150634765625,-6.31150634765625,-6.10150634765625,-5.61150634765625,-6.11150634765625,-5.78150634765625,-5.12150634765625,-4.90150634765625,-4.55150634765625,-4.81150634765625,-4.32150634765625,-5.44150634765625,-6.20150634765625,-6.0015063476562505,-6.2915063476562505,-6.38150634765625,-6.17150634765625,-5.76150634765625,-6.07150634765625,-4.84150634765625,-5.10150634765625,-3.2615063476562502,-5.19150634765625,-4.60150634765625,-5.18150634765625,-5.5415063476562505,-4.92150634765625,-5.88150634765625,-4.88150634765625
-5.39150634765625,-5.15150634765625,-5.98150634765625,-6.56150634765625,-6.27150634765625,-5.35150634765625,-5.89150634765625,-5.39150634765625,-6.20150634765625,-5.91150634765625,-5.8315063476562505,-5.97150634765625,-5.10150634765625,-5.16150634765625,-5.63150634765625,-6.84150634765625,-6.61150634765625,-6.871506347656251,-6.121506347656251,-5.78150634765625,-5.76150634765625,-5.5815063476562505,-4.41150634765625,-5.41150634765625,-5.0815063476562505,-4.90150634765625,-5.0415063476562505,-5.8315063476562505,-6.51150634765625,-6.10150634765625,-5.76150634765625,-5.74150634765625,-5.97150634765625,-5.49150634765625,-5.66150634765625,-5.45150634765625,-5.21150634765625,-5.02150634765625,-4.55150634765625,-4.38150634765625,-5.0415063476562505,-5.24150634765625,-6.18150634765625,-5.71150634765625
-5.26150634765625,-5.24150634765625,-5.46150634765625,-6.36150634765625,-5.62150634765625,-6.41150634765625,-5.40150634765625,-5.42150634765625,-7.23150634765625,-5.99150634765625,-6.24150634765625,-6.45150634765625,-6.0015063476562505,-6.30150634765625,-5.84150634765625,-6.41150634765625,-6.92150634765625,-6.94150634765625,-6.11150634765625,-5.45150634765625,-5.82150634765625,-4.61150634765625,-5.97150634765625,-6.26150634765625,-5.66150634765625,-5.66150634765625,-6.32150634765625,-5.95150634765625,-6.42150634765625,-6.14150634765625,-5.31150634765625,-5.98150634765625,-6.21150634765625,-6.02150634765625,-5.55150634765625,-5.72150634765625,-5.90150634765625,-5.0815063476562505,-4.55150634765625,-4.14150634765625,-5.05150634765625,-5.27150634765625,-5.97150634765625,-6.56150634765625
-5.16150634765625,-5.47150634765625,-5.40150634765625,-6.5415063476562505,-6.2515063476562505,-6.23150634765625,-5.65150634765625,-6.69150634765625,-6.5415063476562505,-6.371506347656251,-6.621506347656251,-6.871506347656251,-6.46150634765625,-6.66150634765625,-6.13150634765625,-5.92150634765625,-7.22150634765625,-6.95150634765625,-5.74150634765625,-5.86150634765625,-4.8315063476562505,-5.66150634765625,-6.81150634765625,-5.65150634765625,-6.02150634765625,-6.26150634765625,-7.42150634765625,-7.07150634765625,-6.40150634765625,-7.0015063476562505,-6.0415063476562505,-6.69150634765625,-6.0015063476562505,-5.43150634765625,-5.88150634765625,-5.7915063476562505,-5.5015063476562505,-5.07150634765625,-5.35150634765625,-5.2515063476562505,-5.5815063476562505,-5.31150634765625,-5.36150634765625,-7.21150634765625
-5.09150634765625,-5.2915063476562505,-6.0015063476562505,-6.7515063476562505,-6.56150634765625,-5.48150634765625,-6.76150634765625,-7.371506347656251,-6.53150634765625,-6.45150634765625,-7.48150634765625,-7.55150634765625,-6.32150634765625,-5.91150634765625,-6.2515063476562505,-6.42150634765625,-7.24150634765625,-7.0815063476562505,-5.68150634765625,-5.91150634765625,-5.16150634765625,-5.81150634765625,-6.67150634765625,-5.72150634765625,-6.42150634765625,-5.80150634765625,-8.09150634765625,-6.82150634765625,-7.27150634765625,-7.22150634765625,-6.71150634765625,-7.16150634765625,-6.06150634765625,-6.34150634765625,-6.35150634765625,-5.39150634765625,-5.20150634765625,-5.22150634765625,-4.60150634765625,-4.85150634765625,-6.371506347656251,-5.94150634765625,-7.41150634765625,-6.7515063476562505
-5.16150634765625,-5.05150634765625,-5.82150634765625,-6.66150634765625,-5.91150634765625,-6.2915063476562505,-6.34150634765625,-6.91150634765625,-7.38150634765625,-6.371506347656251,-7.42150634765625,-7.7915063476562505,-6.81150634765625,-6.5415063476562505,-5.62150634765625,-5.16150634765625,-6.621506347656251,-7.0415063476562505,-5.78150634765625,-4.66150634765625,-6.46150634765625,-5.91150634765625,-7.0815063476562505,-6.56150634765625,-5.80150634765625,-7.05150634765625,-8.59150634765625,-6.67150634765625,-7.05150634765625,-7.97150634765625,-7.48150634765625,-7.10150634765625,-6.28150634765625,-6.15150634765625,-6.51150634765625,-6.09150634765625,-5.98150634765625,-6.06150634765625,-5.87150634765625,-6.70150634765625,-6.68150634765625,-6.43150634765625,-6.39150634765625,-6.7515063476562505
-5.68150634765625,-5.11150634765625,-6.03150634765625,-6.121506347656251,-6.02150634765625,-6.48150634765625,-6.85150634765625,-6.66150634765625,-7.60150634765625,-6.84150634765625,-6.70150634765625,-7.13150634765625,-6.7515063476562505,-6.07150634765625,-6.0015063476562505,-6.0815063476562505,-6.81150634765625,-7.371506347656251,-4.92150634765625,-5.35150634765625,-5.65150634765625,-6.09150634765625,-6.40150634765625,-6.97150634765625,-5.89150634765625,-6.91150634765625,-6.8315063476562505,-6.5815063476562505,-7.51150634765625,-7.42150634765625,-6.8315063476562505,-7.121506347656251,-6.39150634765625,-5.96150634765625,-6.76150634765625,-6.2515063476562505,-5.98150634765625,-6.13150634765625,-6.59150634765625,-6.0415063476562505,-6.26150634765625,-6.41150634765625,-6.16150634765625,-6.49150634765625
-5.5415063476562505,-5.34150634765625,-5.87150634765625,-5.95150634765625,-6.3315063476562505,-6.67150634765625,-6.82150634765625,-6.89150634765625,-6.41150634765625,-7.36150634765625,-6.7915063476562505,-7.02150634765625,-6.07150634765625,-5.78150634765625,-4.89150634765625,-6.01150634765625,-6.66150634765625,-6.15150634765625,-5.87150634765625,-4.62150634765625,-4.99150634765625,-6.61150634765625,-7.03150634765625,-6.89150634765625,-6.34150634765625,-6.26150634765625,-7.0415063476562505,-7.73150634765625,-7.16150634765625,-6.70150634765625,-6.2915063476562505,-6.91150634765625,-6.46150634765625,-6.24150634765625,-6.84150634765625,-6.65150634765625,-5.5415063476562505,-5.45150634765625,-6.03150634765625,-5.76150634765625,-6.51150634765625,-6.5415063476562505,-6.28150634765625,-6.0415063476562505
-5.55150634765625,-5.3315063476562505,-5.5815063476562505,-5.53150634765625,-5.56150634765625,-6.17150634765625,-6.90150634765625,-6.34150634765625,-6.38150634765625,-6.88150634765625,-6.95150634765625,-6.46150634765625,-6.16150634765625,-5.27150634765625,-4.96150634765625,-4.7515063476562505,-6.31150634765625,-5.5415063476562505,-6.07150634765625,-4.81150634765625,-4.3315063476562505,-6.46150634765625,-6.02150634765625,-6.3315063476562505,-6.15150634765625,-6.2915063476562505,-6.73150634765625,-6.70150634765625,-6.76150634765625,-5.82150634765625,-5.82150634765625,-5.7915063476562505,-6.82150634765625,-6.60150634765625,-6.88150634765625,-6.36150634765625,-5.23150634765625,-4.89150634765625,-6.7515063476562505,-5.80150634765625,-6.03150634765625,-6.68150634765625,-6.43150634765625,-5.97150634765625
-5.40150634765625,-4.99150634765625,-5.80150634765625,-5.22150634765625,-5.34150634765625,-4.90150634765625,-5.40150634765625,-6.01150634765625,-6.46150634765625,-6.52150634765625,-6.60150634765625,-6.97150634765625,-5.80150634765625,-5.5015063476562505,-5.07150634765625,-4.5415063476562505,-4.18150634765625,-5.18150634765625,-4.96150634765625,-4.31150634765625,-4.3315063476562505,-5.3315063476562505,-4.32150634765625,-6.24150634765625,-6.48150634765625,-6.02150634765625,-7.0815063476562505,-6.34150634765625,-6.51150634765625,-5.7915063476562505,-5.59150634765625,-5.41150634765625,-6.39150634765625,-6.871506347656251,-6.45150634765625,-6.01150634765625,-4.8315063476562505,-5.40150634765625,-6.59150634765625,-6.39150634765625,-5.84150634765625,-5.95150634765625,-6.11150634765625,-6.31150634765625
-4.34150634765625,-4.61150634765625,-4.44150634765625,-5.14150634765625,-3.86150634765625,-4.37150634765625,-5.80150634765625,-5.03150634765625,-5.21150634765625,-5.67150634765625,-5.62150634765625,-5.95150634765625,-6.07150634765625,-5.42150634765625,-4.89150634765625,-4.7515063476562505,-4.45150634765625,-3.5515063476562503,-4.27150634765625,-4.05150634765625,-3.14150634765625,-3.88150634765625,-4.23150634765625,-4.73150634765625,-5.23150634765625,-6.40150634765625,-6.91150634765625,-6.06150634765625,-5.82150634765625,-6.22150634765625,-6.21150634765625,-5.8315063476562505,-5.87150634765625,-5.77150634765625,-6.69150634765625,-5.86150634765625,-4.87150634765625,-5.82150634765625,-6.2515063476562505,-5.7515063476562505,-5.92150634765625,-5.86150634765625,-5.16150634765625,-5.81150634765625
