wind.json
{"header": { "parameterCategory": 2, "parameterNumber": 2, "nx": 82, "ny": 67, "lo1": -175500.0, "la1": -580500.0, "lo2": 418500.0, "la2": 148500.0, "dx": 7333.333333333333, "dy": 11045.454545454546, "refTime": "2025-06-30T12:00:00Z", "surface1Type": 100, "surface1Value": 100000.0, "forecastTime": 0, "scanMode": 0 }, "data":
[rows 19 to 37 of 67, columns 0 to 42 of 82]
-0.8986083047142596,-0.8277552871938145,-0.781566333950288,-0.7724364238015539,-0.8100391545796555,-0.885937778069298,-0.9775845648065663,-1.082458909416331,-1.1761158383095542,-1.2488345896456163,-1.3034468858605261,-1.3221879451335599,-1.2726536074363268,-1.1468579824599985,-0.9459324477496402,-0.6818507650574469,-0.3708722085687636,-0.029299358874290575,0.3267147279723723,0.6810657612386036,1.0175453149838396,1.320130220178495,1.5729281841726115,1.769873042078613,1.9223644239502091,2.0431150593122775,2.13847606235769,2.21474367377465,2.278169317785494,2.3419047315415664,2.414332550847672,2.4947629155549724,2.5861201369232885,2.693705123281918,2.879076070251308,3.279316821132499,3.724231460482374,3.77982510965947,3.5878767254550565,3.558896868412402,3.6454178923108356,3.7011720619756363,3.7012240123916627
-0.6691485679617366,-0.3487791763789068,0.0037536235328208883,0.3715041332636773,0.737502098850906,1.0848950373338406,1.3969904164952025,1.6569679346775168,1.858921406538823,2.014982807518322,2.138132875378104,2.235146328279723,2.312711178319622,2.3774747875174818,2.436149409802096,2.505664610824776,2.593789648641568,2.694799925258428,2.812858040479875,2.9993020417562484,3.413446972604908,3.9538133495506833,4.108325817392977,3.884755641348101,3.7853885617695173,3.8608613297719447,3.9291515515847264,3.9390428536648368,3.866050508921577,3.706538809184105,3.483004032742924,3.217448435525783,2.925889236070095,2.6350056977907603,2.3674995640058842,-1.2744211043128768,-1.2594601043508968,-1.2621724183024592,-1.277421732690309,-1.300180862340398,-1.325457532450026,-1.3483020531094725,-1.3637763478653722
2.6155874868766147,2.68166001405158,2.78478477155896,2.9142723808029256,3.0763230369671293,3.3404966294125558,3.7118846367917993,3.9532497572812515,3.9640321472525493,3.972567580066784,4.0647777599321,4.146835334382584,4.167868209649186,4.103373636354439,3.9520520432062636,3.7368959037985574,3.479247297956752,3.1952548535246876,2.9005481533058255,2.618593931444039,-1.2080712951318513,-1.1921110089018527,-1.1925298993032691,-1.2045475956383591,-1.223466987361658,-1.2446149017383665,-1.2633227830091192,-1.2749481098940474,-1.2748606289999154,-1.258674338456993,-1.220358492962506,-1.1573853992572616,-1.0750473051010552,-0.9805431586827116,-0.878306599740397,-0.7730376906951304,-0.6745655734799155,-0.589794298583962,-0.5229129379886787,-0.48484986520247314,-0.49931281581214043,-0.5646047985044422,-0.6663634426857353
3.9831867411184767,3.735917515616673,3.461663308190384,3.1761418263364205,2.8945184832599673,-1.1469435093036497,-1.1297906975171415,-1.1278756278535467,-1.1367081639407488,-1.151887014845363,-1.1690008181893528,-1.1836726848171033,-1.1915219033613635,-1.1881601844329617,-1.1694719418011228,-1.1302040970507357,-1.0673631474370096,-0.9835603538903039,-0.885050059576549,-0.7795321398569496,-0.6738189018242713,-0.5750639155721033,-0.49038891575049826,-0.4247374088250945,-0.39001151117896204,-0.4148136537361085,-0.4868977865897374,-0.59003795561949,-0.7216067445231152,-0.8663198503089866,-1.007586485338688,-1.1288032391323477,-1.2148070910073163,-1.247030130924327,-1.2084316277954192,-1.0695361404659236,-0.8100289971405799,-0.4744276452577822,-0.19313293692670763,0.10376588935505274,0.4871667575985974,0.8689804820176595,1.2451547665128855
-1.0460784947585597,-0.9811312950564572,-0.8949944633873449,-0.794445575685096,-0.6866993634735058,-0.5790423753008426,-0.4787907742024816,-0.393287888432158,-0.3286399172992254,-0.2997315505541592,-0.33035045807244134,-0.4056338658746301,-0.5106930181262759,-0.6462410531792365,-0.7954346032048538,-0.9414379869826462,-1.0126581131069585,-1.0563000330838341,-1.1039204049645612,-1.108633538259636,-1.0295805336651886,-0.791010174491108,-0.40294840218630906,-0.0035824096319825287,0.2881754944680909,0.5593609825052476,0.8995735077371477,1.2548024177385433,1.5761108902047216,1.9415981806263702,2.354591772095434,2.6785649010332966,2.9055938132719406,2.848605416920572,2.7092225580475073,2.8700643484484587,2.996637707619368,2.8867151973478626,2.81170874490642,2.906775936624731,3.0688032002221655,3.2569663890250644,3.470900357701952
-0.8613673142800344,-0.9319954354830281,-0.9803384250249787,-1.0386933508992235,-1.0639024975219744,-0.9970518278375788,-0.7603673586223151,-0.40276687195411254,0.052046844163149156,0.6171909782172962,1.2033762765797058,1.5299810587909954,1.5512647758728932,1.6226512912105928,1.850931992048877,2.2713231345994815,2.8086739903538476,3.0421073482739875,2.97216151988731,2.7135760040753953,2.5404014093569307,2.6056446209563493,2.6795077746685756,2.8118550515713,2.9632526804489427,3.0812265719874774,3.243914486263174,3.47250639949209,3.7270694830102182,3.9835192887051725,4.230938832988422,4.458839469812186,4.652445037970112,4.79684854569188,4.8723692767873485,4.860502986855183,4.766371564409949,4.608698857155023,4.404439466313597,4.169493555838067,3.919793802478652,3.6710612389576247,-1.0087411860591293
1.986434346320251,2.327544935625493,2.8254551765412854,3.0755981809238793,2.895771201627403,2.628616410064581,2.7475113249521694,3.0093633855975037,3.035338297898377,3.0358246697401645,3.1090570066540515,3.19162691927306,3.3547029440886633,3.5781885894067287,3.8342861061357905,4.121615050131933,4.399318374791393,4.643530419753258,4.836240899809499,4.949684550645411,4.95974927340028,4.879753740274227,4.735908775495239,4.545855296806201,4.325216389801072,4.089622176768941,3.854647731021753,-0.9773329150505052,-0.9507738368081845,-0.9374100459114053,-0.9333321412337539,-0.9346013998142289,-0.9372237806674616,-0.9371959312176061,-0.9304918518757959,-0.9130788961389412,-0.8811857014166139,-0.8292437568989254,-0.7524730997690023,-0.6528563308721607,-0.537863856160046,-0.41546660541076996,-0.29368729957861417
4.006657730665021,4.282562094434328,4.587889714652618,4.84050201937186,5.000211000525654,5.032753367503152,4.963442899666448,4.829326282115657,4.648668298259423,4.436931300189979,4.20964711861853,3.982319163660128,-0.9510964014074705,-0.9204973142920301,-0.9032901769184761,-0.8955068521223983,-0.8931424120759778,-0.8921302329400097,-0.8884140954379507,-0.877884785140934,-0.856443605009252,-0.8202225462406924,-0.7635038172785735,-0.6812412659601939,-0.5753814536625056,-0.4536426288782336,-0.3243173935179399,-0.1956960636264247,-0.07607846295966895,0.026205936633305626,0.10300667435038656,0.13230957800079712,0.07907839741963522,-0.011828727485857147,-0.10865762714634915,-0.23641492358749566,-0.37954684885620693,-0.5133377629697442,-0.6242455089310217,-0.7211117374670563,-0.7833978649862169,-0.756898177954899,-0.6661600267430143
-0.8607133391246908,-0.8546284272100707,-0.8499426561607428,-0.842493604113417,-0.828084606522027,-0.8024944606441783,-0.7617748755630207,-0.7000685915506674,-0.6120635183738823,-0.4996820955088348,-0.3709514219693555,-0.23441009358579393,-0.0986204338851039,0.027869533851324412,0.13648197374069654,0.21900637857179406,0.25243510539267505,0.19254905749676565,0.0972733847919555,0.006432637494932505,-0.11453476464887377,-0.25117981912208137,-0.38867138691861475,-0.46578216463073163,-0.49098100190213906,-0.5287219076349163,-0.5544909200582717,-0.5205144522782713,-0.40364650821667114,-0.22032020583600678,0.19618990764000452,0.9167505572220707,1.3255872228882613,1.6462686039301406,2.069266099348141,2.2650618313411295,2.097261136756196,1.9401054778795392,2.038438498155173,2.2409112657773997,2.2114682339070355,1.9906038733954103,2.0389235941073456
0.3324406481085556,0.36913943913091524,0.31217783764452,0.2137448596866945,0.12092535348428533,0.008296821965748904,-0.12024461118750619,-0.25072046857822183,-0.3401240562575672,-0.32641927267603693,-0.25810953506432227,-0.2182156659266819,-0.19264540860789026,-0.1532008144680542,-0.06329671978432416,0.2193844428174117,0.722773536908897,1.203875812044599,1.4334185363280767,1.482554149077548,1.5771549446667759,1.9369205930122657,2.044135809046855,1.8102523139162547,1.8794719771601287,2.1130500880039516,2.1808885176737944,2.0137133162384213,1.90596087140056,2.3070570849071905,3.4499016218278897,4.340581718752288,4.412946899382922,3.943974407867838,3.301169107186415,3.2324065493752467,3.53749265017572,3.831776544104908,4.099485999301932,4.371691821179206,4.736962644501359,5.054942651803353,5.154039895315732
0.4128841170073628,0.8060816538598168,1.0958118878873486,1.1373602037829904,1.1555218479076415,1.340692374773483,1.7758651476437632,1.7986337508931702,1.6041096642811878,1.7593073292969146,1.8576115804535935,1.7619292674661875,1.9554336281596745,2.2177018039631324,2.689960570212102,3.972013777533623,4.81349922528443,4.385946858491419,3.404964852133637,2.932937730109885,3.1006314089349627,3.4267918537715514,3.7421889564318427,4.030004299825379,4.290942076273709,4.670262655462914,5.040865141172264,5.162783959571884,5.141197117769625,5.056740437876098,4.9234931636048405,4.75575899898578,4.5679148287406655,4.374410433752836,-0.870365579447314,-0.8217682033815251,-0.7879649671846765,-0.7644662142781247,-0.7468898125147838,-0.7308416552986718,-0.7119164573732015,-0.6857008178085419,-0.6477693975464824
4.097687931875188,4.920112431478324,4.27181604554267,3.2258784567779033,2.89703134623752,3.0563713361938167,3.3086789398897216,3.643911026435327,3.9505504455481337,4.211028521425547,4.60387497545575,5.013901594239425,5.157422756481669,5.149357729671847,5.078423695704269,4.958109126751943,4.802265737954102,4.624925585140304,4.440154950474058,-0.8490186224688835,-0.7966242522701573,-0.759044282854487,-0.7317192623915943,-0.7102633380241039,-0.6902944832039656,-0.6674319421520939,-0.6372866345880778,-0.5954753043118292,-0.5378069789309319,-0.4582852564615947,-0.35099414908017285,-0.21766182064103512,-0.06681510109821044,0.09246041613881753,0.25114997668590916,0.4002025091232036,0.5305102460868508,0.6330508873696392,0.6849644774916083,0.6495598494979173,0.5349874969720811,0.42829133139271763,0.34769826609895205
4.978328897957099,4.834321497426897,4.667473775571381,4.491465520154511,-0.8242365258083753,-0.7688125317771157,-0.7279040390260345,-0.696936951136479,-0.6716267058922131,-0.6476739626560688,-0.62080246382039,-0.5867634170263396,-0.5412899288244496,-0.4802808262560284,-0.39793400161119236,-0.28830299216075345,-0.15292494177456248,-0.00021975262694374828,0.1608704334092497,0.321419599257737,0.4725054863723433,0.6051715081926636,0.7104915593088571,0.7671339710068118,0.7422817568929947,0.632004507323691,0.51883006436634,0.4395166513537163,0.35603486210793694,0.266854904479671,0.18145271666190732,0.10937147025217869,0.06022868566571025,0.04361673035270876,0.10685918195611195,0.3566331018004721,0.6693710510791323,0.8132996104545743,0.8371953276721149,0.7878207602082027,0.6547350502791315,0.5633091282230251,0.5948106105652243
-0.226060512941078,-0.09069564057154177,0.06149908566496948,0.22187529245749119,0.38176148328444043,0.532458203257058,0.6653200147606438,0.7716536321452059,0.8323751259422445,0.819612579335536,0.7321325055637538,0.6102042886436342,0.5148981832578551,0.4449291716244208,0.3687260094883099,0.29454048283624734,0.23064884217005313,0.1853798492703409,0.1670429670560927,0.1776274077304247,0.35382128371867066,0.7184051473767915,0.9045177287598491,0.8181954517819868,0.6894554802937304,0.5405453921459936,0.38112451993748175,0.3404780031900785,0.44778682650685875,0.7349802009681727,0.8944657287248113,0.8102236356368195,0.7558165984303884,0.7417003961504168,0.7852873193776639,0.8657651281882555,0.9858025934788441,1.58976271113549,2.29078142806632,2.308887580160157,2.408626564856585,3.0336424067662344,3.289781601119309
0.3900926514838422,0.33565232000354484,0.2958771221123849,0.2776049032754967,0.28168661156676184,0.47284551111007583,0.8197638799701562,0.9531755359145203,0.7953392235988459,0.6431914367025211,0.5405376583506589,0.37571461949078344,0.35043129318012267,0.552310524035474,0.7524866115444556,0.7491417123622565,0.6383180604512202,0.5674788775151505,0.5680923465049257,0.6677449643915713,0.7815824855138779,0.8366485850298438,0.970976329176759,1.2322929183973168,1.4933195117504268,1.8739785229995867,2.4611670862376602,2.805298195027261,2.942652848073464,3.2429410476392917,3.5964034194335768,3.898223567136973,4.324203260326388,4.795131599261835,5.002981660395016,5.04098783539642,5.017787815295942,4.944849742814569,4.8341317722188375,4.697781685993497,4.548148860477479,-0.7140127864151484,-0.6570407521660618
0.669459246977326,0.6021738922971764,0.5040105493590811,0.5851077495619547,1.2397535902506744,1.6728029898019094,1.1593795324986813,0.8725682914375797,1.0886422059731578,1.3731725679140012,1.98480753435652,2.3204489997718745,2.378601619263108,2.7742553704433885,3.1595548443573622,3.513627122315779,3.815916361840754,4.240887040632836,4.7160540445307015,4.931737322842153,4.9771523028250515,4.962585744876628,4.899081755250294,4.798091828338148,4.671359304833831,4.53079353491857,-0.6633879440333301,-0.6085618126095976,-0.560106301586513,-0.515234276582358,-0.471550572271027,-0.4267937861934922,-0.37879742698345337,-0.3254844863468808,-0.2648613487706319,-0.19513240090087633,-0.1129341909451102,-0.012902000323401634,0.10522249639994302,0.23540137552309945,0.3710506720539697,0.5056888727161001,0.6328740435080471
3.433720455696208,3.7323113018490197,4.149406719071026,4.628274122111887,4.853903404322156,4.903362629443617,4.894545055406947,4.83808325615802,4.745045224861483,4.626773639143626,4.494840532436875,-0.6068372281269759,-0.5552326636218277,-0.5046865244387192,-0.45373024904898257,-0.4012203446112589,-0.34617020780526353,-0.28770947413564635,-0.22510061929741984,-0.15771704612713605,-0.08508518989712209,-0.005259085928668365,0.0867322014283772,0.19210149884796338,0.30621146852579256,0.42385146308775906,0.5399382052967175,0.6494305835703987,0.7475382725661656,0.8296807767394289,0.8818096259597455,0.8839349419719279,0.8394379607695,0.7722302636273682,0.6986000727447687,0.8192830282129956,1.3398407332415836,1.4409958816425097,1.136084838790159,0.862683715101131,0.5936775493643918,0.5582223500370286,0.5900502760603421
-0.32514039652180515,-0.2582794210031987,-0.18784939157043992,-0.11467541005405217,-0.03965982073130825,0.03604061525648916,0.1127597399609604,0.19495127130905682,0.2849640043191122,0.3798042503065587,0.4758775964947147,0.5697314146002136,0.6579680621698767,0.7371960677487617,0.8039982214878454,0.8465988596308003,0.8471681226906738,0.8083791260444312,0.7522830604975034,0.6942048046397091,0.944901374244268,1.3440440773573816,1.5801772727273167,1.4523846806412282,1.060774651962346,0.8228491716028203,0.7546493989962663,0.7766256754628165,0.7167891952510351,0.6283585258134715,0.6009993005256888,0.5790559426459055,0.5518633572287673,0.5261270087009825,0.5194059915998296,0.5092861517149379,0.4784383435411265,0.42604102537494076,0.3454935013066167,0.27930506454105253,0.25191435345407587,0.2821931951137414,0.44117205191514547
0.7999178580896916,0.7975133999328287,0.7654584821069779,0.7272450259580061,0.6971844939483198,0.9739322591083605,1.3951014596277638,1.7287931191429344,1.7889562346774086,1.4399371684313012,1.2071469906099912,1.1293107212399234,1.029686182389605,0.8391999845163556,0.7414552026629976,0.7399264993264821,0.640069697003763,0.5756788319348389,0.534787234263755,0.5150493662253541,0.4922113133127282,0.44407901284588275,0.37425446796624146,0.3173714642993922,0.3001458731377017,0.32961965522266923,0.449178060386812,0.8086877453594752,0.9510104470225935,1.1528042805344216,1.8199853306568183,2.359137028591147,2.533603720833938,2.7180561924359523,3.3929886738850255,4.248414451443225,3.8018072241866734,3.1531769641874536,3.42053991945108,3.806235039112045,4.279607087690942,4.515048817552488,4.568525942656541
