wind-korea.json
{"header": {"parameterCategory": 2, "parameterNumber": 2, "nx": 61, "ny": 41, "lo1": 120.0, "la1": 40.0, "lo2": 135.0, "la2": 30.0, "dx": 0.25, "dy": 0.25, "refTime": "2025-06-23T00:00:00Z"}, "data":
[rows 0 to 20 of 41, columns 0 to 45 of 61]
-37.023632812500004,-41.023632812500004,-43.623632812500006,-46.623632812500006,-51.4236328125,-56.023632812500004,-56.9236328125,-53.9236328125,-50.123632812500006,-48.7236328125,-49.2236328125,-49.2236328125,-47.123632812500006,-44.7236328125,-45.2236328125,-48.023632812500004,-50.8236328125,-52.8236328125,-54.623632812500006,-55.623632812500006,-54.9236328125,-53.023632812500004,-51.123632812500006,-50.8236328125,-52.7236328125,-55.8236328125,-58.8236328125,-60.8236328125,-61.3236328125,-60.4236328125,-58.523632812500004,-56.8236328125,-55.9236328125,-55.523632812500004,-55.4236328125,-55.7236328125,-56.523632812500004,-57.7236328125,-58.623632812500006,-58.8236328125,-59.4236328125,-61.023632812500004,-63.3236328125,-65.2236328125,-65.9236328125,-65.9236328125
-37.2236328125,-40.523632812500004,-43.7236328125,-46.123632812500006,-49.023632812500004,-52.9236328125,-56.3236328125,-56.123632812500006,-52.123632812500006,-48.623632812500006,-48.4236328125,-49.523632812500004,-49.123632812500006,-47.2236328125,-46.3236328125,-47.023632812500004,-47.8236328125,-49.023632812500004,-52.123632812500006,-55.8236328125,-57.8236328125,-57.123632812500006,-55.623632812500006,-54.8236328125,-54.9236328125,-55.9236328125,-57.2236328125,-58.623632812500006,-59.9236328125,-60.4236328125,-59.523632812500004,-57.523632812500004,-55.4236328125,-53.9236328125,-53.4236328125,-53.8236328125,-54.3236328125,-54.8236328125,-55.4236328125,-56.7236328125,-58.7236328125,-61.2236328125,-63.9236328125,-66.32363281250001,-67.5236328125,-67.0236328125
-38.7236328125,-39.8236328125,-42.8236328125,-45.4236328125,-47.3236328125,-50.523632812500004,-54.4236328125,-55.8236328125,-53.8236328125,-50.7236328125,-49.123632812500006,-49.123632812500006,-49.8236328125,-49.7236328125,-49.123632812500006,-48.3236328125,-47.123632812500006,-46.2236328125,-48.8236328125,-54.9236328125,-59.9236328125,-60.9236328125,-59.3236328125,-57.523632812500004,-56.2236328125,-55.4236328125,-55.3236328125,-56.2236328125,-57.4236328125,-58.7236328125,-59.123632812500006,-57.623632812500006,-54.7236328125,-51.7236328125,-50.523632812500004,-51.623632812500006,-53.7236328125,-54.8236328125,-54.623632812500006,-55.7236328125,-59.023632812500004,-62.7236328125,-65.2236328125,-66.6236328125,-67.5236328125,-67.5236328125
-41.023632812500004,-40.9236328125,-43.8236328125,-47.023632812500004,-48.7236328125,-50.8236328125,-53.123632812500006,-53.7236328125,-53.2236328125,-52.523632812500004,-51.023632812500004,-49.123632812500006,-49.023632812500004,-50.4236328125,-51.523632812500004,-50.7236328125,-48.123632812500006,-45.623632812500006,-47.023632812500004,-53.623632812500006,-61.023632812500004,-63.4236328125,-61.3236328125,-58.523632812500004,-56.3236328125,-54.523632812500004,-53.3236328125,-53.9236328125,-54.8236328125,-55.7236328125,-56.8236328125,-57.4236328125,-55.523632812500004,-52.023632812500004,-49.3236328125,-49.8236328125,-53.523632812500004,-57.523632812500004,-58.623632812500006,-58.7236328125,-60.7236328125,-63.9236328125,-66.2236328125,-66.7236328125,-66.7236328125,-66.7236328125
-44.123632812500006,-43.9236328125,-46.2236328125,-49.123632812500006,-50.3236328125,-51.023632812500004,-52.123632812500006,-51.623632812500006,-51.2236328125,-53.023632812500004,-53.3236328125,-50.023632812500004,-47.523632812500004,-48.623632812500006,-51.4236328125,-52.623632812500006,-50.623632812500006,-47.023632812500004,-46.523632812500004,-51.8236328125,-60.123632812500006,-64.1236328125,-62.123632812500006,-58.2236328125,-55.3236328125,-52.9236328125,-51.4236328125,-51.623632812500006,-52.623632812500006,-53.9236328125,-55.2236328125,-56.8236328125,-56.9236328125,-55.123632812500006,-51.8236328125,-50.8236328125,-54.123632812500006,-59.8236328125,-62.7236328125,-62.7236328125,-63.3236328125,-65.1236328125,-66.2236328125,-65.82363281250001,-64.82363281250001,-64.6236328125
-47.2236328125,-47.123632812500006,-47.9236328125,-49.8236328125,-51.023632812500004,-50.623632812500006,-50.3236328125,-49.8236328125,-49.023632812500004,-51.123632812500006,-53.8236328125,-51.7236328125,-47.8236328125,-47.4236328125,-49.7236328125,-52.023632812500004,-52.4236328125,-50.2236328125,-47.9236328125,-50.123632812500006,-57.4236328125,-63.2236328125,-62.4236328125,-57.9236328125,-54.123632812500006,-51.9236328125,-50.8236328125,-50.523632812500004,-51.023632812500004,-51.9236328125,-53.8236328125,-56.2236328125,-58.023632812500004,-58.623632812500006,-56.8236328125,-54.9236328125,-56.9236328125,-62.023632812500004,-65.4236328125,-65.2236328125,-64.6236328125,-65.5236328125,-66.32363281250001,-65.4236328125,-63.2236328125,-62.523632812500004
-49.4236328125,-49.123632812500006,-48.8236328125,-49.523632812500004,-50.8236328125,-49.9236328125,-48.2236328125,-47.9236328125,-48.023632812500004,-48.9236328125,-51.623632812500006,-52.623632812500006,-50.623632812500006,-49.123632812500006,-48.7236328125,-49.3236328125,-51.3236328125,-52.023632812500004,-49.623632812500006,-48.4236328125,-53.2236328125,-60.623632812500006,-62.9236328125,-58.9236328125,-54.023632812500004,-51.623632812500006,-50.8236328125,-50.623632812500006,-50.8236328125,-51.4236328125,-53.2236328125,-56.4236328125,-59.123632812500006,-60.623632812500006,-60.4236328125,-58.523632812500004,-59.2236328125,-63.523632812500004,-66.82363281250001,-66.5236328125,-64.7236328125,-64.4236328125,-65.9236328125,-65.9236328125,-63.623632812500006,-61.4236328125
-50.623632812500006,-50.3236328125,-49.523632812500004,-48.623632812500006,-48.8236328125,-48.523632812500004,-47.2236328125,-47.023632812500004,-47.8236328125,-48.023632812500004,-48.8236328125,-51.4236328125,-53.4236328125,-53.2236328125,-50.623632812500006,-47.623632812500006,-48.2236328125,-51.023632812500004,-50.3236328125,-47.7236328125,-49.623632812500006,-56.7236328125,-61.9236328125,-59.8236328125,-54.4236328125,-51.4236328125,-51.123632812500006,-51.8236328125,-52.623632812500006,-53.3236328125,-55.123632812500006,-58.123632812500006,-60.523632812500004,-62.023632812500004,-62.123632812500006,-60.4236328125,-60.7236328125,-64.6236328125,-68.1236328125,-67.1236328125,-63.8236328125,-62.8236328125,-64.82363281250001,-66.1236328125,-64.2236328125,-61.3236328125
-51.023632812500004,-50.9236328125,-49.3236328125,-47.123632812500006,-46.623632812500006,-47.4236328125,-47.2236328125,-46.8236328125,-47.523632812500004,-47.9236328125,-47.623632812500006,-49.623632812500006,-53.623632812500006,-55.523632812500004,-53.4236328125,-48.7236328125,-46.3236328125,-48.123632812500006,-49.4236328125,-47.523632812500004,-47.623632812500006,-53.3236328125,-60.2236328125,-60.123632812500006,-54.9236328125,-51.9236328125,-52.123632812500006,-53.3236328125,-54.4236328125,-55.623632812500006,-57.2236328125,-59.523632812500004,-61.4236328125,-61.9236328125,-62.023632812500004,-61.623632812500006,-62.023632812500004,-65.0236328125,-68.7236328125,-67.82363281250001,-63.523632812500004,-61.123632812500006,-63.123632812500006,-65.4236328125,-64.5236328125,-61.7236328125
-51.623632812500006,-51.8236328125,-49.523632812500004,-46.4236328125,-46.123632812500006,-47.523632812500004,-47.523632812500004,-46.7236328125,-47.523632812500004,-49.123632812500006,-48.8236328125,-49.7236328125,-53.2236328125,-54.7236328125,-53.2236328125,-49.8236328125,-46.623632812500006,-46.523632812500004,-48.4236328125,-48.2236328125,-47.623632812500006,-51.4236328125,-58.4236328125,-60.7236328125,-56.4236328125,-53.523632812500004,-54.123632812500006,-54.8236328125,-55.2236328125,-56.4236328125,-57.4236328125,-59.3236328125,-61.9236328125,-62.123632812500006,-61.2236328125,-61.8236328125,-63.023632812500004,-65.1236328125,-68.6236328125,-68.7236328125,-64.4236328125,-60.623632812500006,-60.8236328125,-63.8236328125,-64.0236328125,-62.3236328125
-51.9236328125,-52.8236328125,-50.123632812500006,-47.523632812500004,-47.123632812500006,-47.3236328125,-47.623632812500006,-47.2236328125,-47.523632812500004,-50.3236328125,-51.2236328125,-51.2236328125,-53.123632812500006,-53.2236328125,-50.523632812500004,-48.3236328125,-47.123632812500006,-46.9236328125,-48.623632812500006,-50.623632812500006,-50.623632812500006,-52.023632812500004,-57.623632812500006,-61.2236328125,-58.123632812500006,-55.2236328125,-55.8236328125,-55.8236328125,-54.7236328125,-55.023632812500004,-56.123632812500006,-58.7236328125,-62.4236328125,-62.523632812500004,-60.2236328125,-60.7236328125,-63.4236328125,-65.4236328125,-68.2236328125,-69.6236328125,-66.2236328125,-61.3236328125,-59.7236328125,-61.8236328125,-62.9236328125,-62.123632812500006
-52.2236328125,-53.4236328125,-49.7236328125,-49.3236328125,-48.623632812500006,-45.8236328125,-46.023632812500004,-47.8236328125,-47.7236328125,-50.623632812500006,-53.523632812500004,-53.3236328125,-53.4236328125,-52.523632812500004,-49.023632812500004,-46.623632812500006,-46.7236328125,-47.7236328125,-49.123632812500006,-52.2236328125,-54.023632812500004,-54.3236328125,-56.7236328125,-60.3236328125,-59.3236328125,-56.523632812500004,-55.623632812500006,-55.023632812500004,-53.9236328125,-53.8236328125,-54.7236328125,-57.023632812500004,-61.023632812500004,-62.7236328125,-59.9236328125,-59.3236328125,-63.523632812500004,-66.4236328125,-68.4236328125,-70.4236328125,-67.6236328125,-63.123632812500006,-60.123632812500006,-60.3236328125,-62.023632812500004,-62.123632812500006
-52.623632812500006,-54.023632812500004,-50.523632812500004,-50.7236328125,-49.523632812500004,-44.2236328125,-44.123632812500006,-46.7236328125,-47.623632812500006,-51.123632812500006,-55.7236328125,-56.023632812500004,-54.123632812500006,-52.4236328125,-50.023632812500004,-47.9236328125,-48.023632812500004,-49.123632812500006,-50.2236328125,-53.3236328125,-56.623632812500006,-56.4236328125,-55.523632812500004,-57.4236328125,-59.2236328125,-58.023632812500004,-55.2236328125,-52.7236328125,-51.523632812500004,-52.2236328125,-53.9236328125,-55.9236328125,-59.023632812500004,-61.9236328125,-60.9236328125,-59.123632812500006,-63.9236328125,-68.82363281250001,-70.0236328125,-70.7236328125,-68.6236328125,-64.6236328125,-61.023632812500004,-59.3236328125,-60.623632812500006,-62.2236328125
-51.9236328125,-53.523632812500004,-51.4236328125,-50.8236328125,-49.3236328125,-44.523632812500004,-43.3236328125,-46.2236328125,-47.523632812500004,-51.523632812500004,-57.523632812500004,-59.123632812500006,-56.3236328125,-52.9236328125,-51.023632812500004,-49.9236328125,-50.3236328125,-51.123632812500006,-51.4236328125,-54.023632812500004,-58.023632812500004,-57.8236328125,-54.023632812500004,-52.8236328125,-56.2236328125,-58.623632812500006,-55.7236328125,-50.8236328125,-48.7236328125,-50.623632812500006,-54.523632812500004,-56.9236328125,-58.8236328125,-61.8236328125,-62.9236328125,-60.9236328125,-64.5236328125,-69.2236328125,-70.82363281250001,-71.2236328125,-69.1236328125,-65.1236328125,-60.8236328125,-58.2236328125,-59.023632812500004,-62.2236328125
-50.8236328125,-52.123632812500006,-51.4236328125,-49.9236328125,-48.123632812500006,-44.523632812500004,-44.523632812500004,-48.623632812500006,-50.4236328125,-52.8236328125,-58.023632812500004,-61.3236328125,-59.523632812500004,-55.123632812500006,-52.3236328125,-51.023632812500004,-51.3236328125,-52.023632812500004,-51.523632812500004,-53.023632812500004,-57.8236328125,-59.123632812500006,-53.8236328125,-49.623632812500006,-52.623632812500006,-58.123632812500006,-56.2236328125,-49.7236328125,-46.9236328125,-49.623632812500006,-55.123632812500006,-59.2236328125,-61.3236328125,-63.9236328125,-64.0236328125,-63.3236328125,-65.6236328125,-68.5236328125,-69.9236328125,-70.4236328125,-68.6236328125,-64.7236328125,-59.9236328125,-56.4236328125,-57.623632812500006,-62.623632812500006
-49.7236328125,-50.4236328125,-51.123632812500006,-49.623632812500006,-46.9236328125,-44.7236328125,-46.7236328125,-52.023632812500004,-55.7236328125,-56.523632812500004,-57.9236328125,-60.8236328125,-61.123632812500006,-58.023632812500004,-54.523632812500004,-51.623632812500006,-50.8236328125,-51.4236328125,-51.2236328125,-52.123632812500006,-56.023632812500004,-58.2236328125,-53.8236328125,-48.4236328125,-51.3236328125,-57.9236328125,-55.8236328125,-48.523632812500004,-45.9236328125,-49.8236328125,-55.7236328125,-60.4236328125,-63.3236328125,-65.1236328125,-64.9236328125,-66.1236328125,-68.4236328125,-68.32363281250001,-67.0236328125,-67.5236328125,-67.4236328125,-64.6236328125,-59.4236328125,-55.4236328125,-56.623632812500006,-62.123632812500006
-48.4236328125,-48.7236328125,-51.4236328125,-50.2236328125,-45.8236328125,-45.4236328125,-49.7236328125,-56.023632812500004,-59.9236328125,-59.7236328125,-58.623632812500006,-58.9236328125,-60.2236328125,-60.3236328125,-56.623632812500006,-52.623632812500006,-50.2236328125,-50.3236328125,-50.3236328125,-51.7236328125,-54.3236328125,-55.2236328125,-52.123632812500006,-47.4236328125,-50.123632812500006,-59.2236328125,-57.2236328125,-49.9236328125,-48.023632812500004,-50.9236328125,-57.3236328125,-63.3236328125,-65.4236328125,-64.7236328125,-64.1236328125,-68.2236328125,-71.7236328125,-69.7236328125,-65.4236328125,-63.4236328125,-64.9236328125,-64.5236328125,-59.8236328125,-55.523632812500004,-55.8236328125,-60.4236328125
-48.4236328125,-47.8236328125,-50.2236328125,-50.123632812500006,-46.523632812500004,-48.023632812500004,-53.7236328125,-58.523632812500004,-61.2236328125,-60.8236328125,-59.9236328125,-57.8236328125,-57.623632812500006,-60.4236328125,-59.4236328125,-54.023632812500004,-50.523632812500004,-50.3236328125,-49.123632812500006,-50.8236328125,-53.123632812500006,-52.2236328125,-49.8236328125,-47.3236328125,-49.123632812500006,-60.3236328125,-58.2236328125,-52.3236328125,-51.023632812500004,-53.7236328125,-60.8236328125,-66.9236328125,-67.2236328125,-64.7236328125,-63.2236328125,-68.32363281250001,-73.5236328125,-71.2236328125,-65.1236328125,-60.9236328125,-62.023632812500004,-63.523632812500004,-60.023632812500004,-56.023632812500004,-55.8236328125,-59.2236328125
-50.2236328125,-48.523632812500004,-47.3236328125,-49.123632812500006,-48.8236328125,-51.3236328125,-57.623632812500006,-60.123632812500006,-59.9236328125,-59.4236328125,-60.023632812500004,-58.3236328125,-57.523632812500004,-59.523632812500004,-59.8236328125,-56.8236328125,-51.8236328125,-50.023632812500004,-48.623632812500006,-50.4236328125,-52.523632812500004,-50.8236328125,-48.123632812500006,-48.2236328125,-51.2236328125,-58.523632812500004,-57.8236328125,-55.023632812500004,-54.123632812500006,-57.8236328125,-65.6236328125,-69.4236328125,-67.7236328125,-65.1236328125,-63.3236328125,-67.6236328125,-72.82363281250001,-70.9236328125,-64.7236328125,-60.523632812500004,-60.2236328125,-61.523632812500004,-59.623632812500006,-56.3236328125,-55.2236328125,-58.2236328125
-51.623632812500006,-49.623632812500006,-46.3236328125,-48.4236328125,-50.623632812500006,-53.523632812500004,-59.2236328125,-60.7236328125,-58.4236328125,-57.123632812500006,-58.9236328125,-59.9236328125,-59.2236328125,-59.123632812500006,-59.2236328125,-58.623632812500006,-53.8236328125,-50.123632812500006,-48.7236328125,-50.7236328125,-52.2236328125,-50.023632812500004,-48.3236328125,-50.623632812500006,-53.9236328125,-56.7236328125,-57.4236328125,-57.3236328125,-56.4236328125,-61.523632812500004,-70.2236328125,-71.5236328125,-67.6236328125,-64.4236328125,-63.4236328125,-66.5236328125,-70.0236328125,-69.82363281250001,-64.6236328125,-60.123632812500006,-58.623632812500006,-59.023632812500004,-59.023632812500004,-56.8236328125,-55.3236328125,-58.023632812500004
-52.7236328125,-50.523632812500004,-48.3236328125,-49.8236328125,-51.9236328125,-53.7236328125,-58.8236328125,-60.3236328125,-57.4236328125,-55.2236328125,-58.123632812500006,-61.9236328125,-61.123632812500006,-59.2236328125,-59.023632812500004,-59.4236328125,-56.123632812500006,-51.8236328125,-50.123632812500006,-52.123632812500006,-52.023632812500004,-50.023632812500004,-50.123632812500006,-52.8236328125,-56.023632812500004,-55.7236328125,-56.9236328125,-58.8236328125,-58.8236328125,-64.4236328125,-71.7236328125,-72.9236328125,-68.5236328125,-63.7236328125,-62.523632812500004,-64.5236328125,-66.32363281250001,-68.7236328125,-65.6236328125,-60.023632812500004,-57.523632812500004,-57.623632812500006,-58.9236328125,-58.3236328125,-57.623632812500006,-58.9236328125
